

./CPP_Code/Graph1.txt



src-id	dst=id	pir
8	9	1.000000
13	9	0.814000
2	1	0.724000
7	3	0.724000
3	2	0.724000
1	5	0.714000
5	4	0.706000
8	13	0.626000
4	8	0.600000
10	11	0.314000
6	7	0.140000
2	0	0.098000
1	0	0.054000
13	12	0.032000
14	12	0.032000
14	15	0.032000
12	10	0.032000
5	12	0.032000
10	15	0.032000
11	15	0.032000


./CPP_Code/Graph1.txt



src-id	dst=id	pir
4	5	1.000000
1	5	0.814000
14	13	0.724000
11	15	0.724000
15	14	0.724000
13	9	0.714000
9	8	0.706000
4	1	0.626000
8	4	0.600000
6	7	0.314000
10	11	0.140000
14	12	0.098000
13	12	0.054000
1	0	0.032000
2	0	0.032000
2	3	0.032000
0	6	0.032000
9	0	0.032000
6	3	0.032000
7	3	0.032000


./CPP_Code/Graph1.txt



src-id	dst=id	pir
4	5	1.000000
1	5	0.814000
14	13	0.724000
11	15	0.724000
15	14	0.724000
13	9	0.714000
9	8	0.706000
4	1	0.626000
8	4	0.600000
2	3	0.314000
10	11	0.140000
14	12	0.098000
13	12	0.054000
1	0	0.032000
6	0	0.032000
6	7	0.032000
0	2	0.032000
9	0	0.032000
2	7	0.032000
3	7	0.032000
