4 16	6 5	7 8	9 10	12 15	14 13	2 3	11 1	
0
6742

4 16	6 5	10 9	8 7	3 2	1 12	15 11	13 14	
1
5688

4 16	5 6	9 10	8 7	14 13	15 12	3 2	1 11	
2
5895

4 3	2 1	5 16	7 6	13 14	15 11	10 8	12 9	
3
5697

15 11	14 13	3 2	1 12	5 6	4 16	7 8	9 10	
4
5717

14 13	15 12	3 2	11 1	10 9	7 8	6 5	4 16	
5
6071

4 3	1 2	5 16	7 6	8 10	12 9	13 14	15 11	
6
5605

2 3	1 11	15 12	14 13	9 10	8 7	6 5	4 16	
7
6192

15 11	13 14	3 2	12 1	9 10	7 8	6 5	4 16	
8
5916

13 14	15 12	1 11	3 2	8 7	10 9	16 4	6 5	
9
5016

12 1	3 2	15 11	13 14	9 10	7 8	5 6	4 16	
10
6376

11 15	13 14	10 8	9 12	2 1	3 4	7 6	16 5	
11
5102

14 13	11 15	1 12	2 3	10 9	8 7	4 16	6 5	
12
4944

14 13	11 15	1 12	3 2	16 4	5 6	8 7	9 10	
13
5923

12 15	13 14	3 2	1 11	8 7	9 10	5 6	16 4	
14
6294

11 1	3 2	14 13	12 15	4 16	6 5	10 9	7 8	
15
5122

1 11	2 3	15 12	13 14	16 4	6 5	8 7	9 10	
16
5493

8 10	9 12	11 15	14 13	2 1	4 3	7 6	16 5	
17
6253

15 11	13 14	8 10	12 9	1 2	3 4	6 7	5 16	
18
5103

8 10	12 9	11 15	13 14	16 5	7 6	1 2	3 4	
19
5973

8 7	9 10	16 4	6 5	15 12	14 13	3 2	1 11	
20
5533

4 16	6 5	10 9	7 8	13 14	15 12	2 3	11 1	
21
6608

4 16	6 5	10 9	8 7	2 3	11 1	15 12	13 14	
22
6082

9 10	7 8	4 16	5 6	2 3	1 11	14 13	15 12	
23
5629

11 15	14 13	12 9	8 10	7 6	16 5	1 2	3 4	
24
5546

9 10	8 7	16 4	6 5	14 13	12 15	11 1	2 3	
25
5212

6 5	4 16	9 10	8 7	12 15	14 13	1 11	3 2	
26
6952

16 5	7 6	1 2	4 3	8 10	12 9	13 14	11 15	
27
4600

16 4	5 6	9 10	7 8	2 3	1 12	11 15	14 13	
28
4880

9 10	7 8	5 6	4 16	3 2	11 1	15 12	14 13	
29
6030

2 1	3 4	7 6	16 5	8 10	9 12	13 14	15 11	
30
5512

6 5	16 4	9 10	7 8	13 14	15 12	1 11	3 2	
31
5779

7 8	10 9	5 6	16 4	2 3	1 12	11 15	14 13	
32
6151

10 9	8 7	5 6	16 4	13 14	15 11	12 1	3 2	
33
5948

6 5	16 4	10 9	7 8	13 14	15 12	11 1	3 2	
34
5880

4 3	1 2	7 6	5 16	15 11	14 13	8 10	9 12	
35
5762

1 2	3 4	7 6	16 5	14 13	11 15	9 12	8 10	
36
5558

7 8	10 9	16 4	5 6	3 2	11 1	15 12	13 14	
37
7244

7 8	10 9	5 6	4 16	1 11	2 3	15 12	13 14	
38
5784

13 14	15 12	3 2	11 1	6 5	16 4	10 9	7 8	
39
6146

13 14	11 15	3 2	1 12	5 6	4 16	7 8	9 10	
40
5749

9 10	8 7	5 6	4 16	3 2	12 1	15 11	13 14	
41
5880

9 10	7 8	16 4	5 6	1 11	2 3	12 15	13 14	
42
6656

6 5	16 4	9 10	8 7	3 2	1 12	15 11	13 14	
43
5893

6 5	4 16	7 8	9 10	14 13	15 12	3 2	11 1	
44
5595

13 14	11 15	1 12	3 2	8 7	9 10	5 6	4 16	
45
5235

7 6	5 16	3 4	1 2	11 15	13 14	10 8	12 9	
46
7353

16 5	7 6	1 2	4 3	14 13	15 11	10 8	9 12	
47
5516

11 15	13 14	12 9	10 8	7 6	16 5	1 2	3 4	
48
5956

12 1	2 3	11 15	13 14	10 9	7 8	6 5	4 16	
49
6237

6 7	5 16	1 2	3 4	9 12	8 10	13 14	15 11	
50
6253

2 3	11 1	12 15	13 14	8 7	9 10	5 6	4 16	
51
5959

14 13	15 11	12 9	8 10	5 16	7 6	1 2	3 4	
52
6927

11 15	13 14	8 10	9 12	7 6	5 16	2 1	3 4	
53
6296

16 5	7 6	1 2	4 3	13 14	11 15	10 8	12 9	
54
5594

7 6	16 5	1 2	4 3	15 11	14 13	8 10	9 12	
55
5215

9 10	7 8	5 6	16 4	15 12	13 14	1 11	3 2	
56
6419

9 10	7 8	6 5	4 16	1 11	2 3	12 15	13 14	
57
5932

13 14	11 15	1 12	2 3	6 5	16 4	7 8	9 10	
58
5718

13 14	15 12	1 11	3 2	7 8	9 10	4 16	5 6	
59
5392

13 14	11 15	3 2	12 1	9 10	7 8	6 5	4 16	
60
5932

12 15	13 14	11 1	3 2	5 6	16 4	8 7	9 10	
61
5798

1 12	2 3	14 13	11 15	4 16	5 6	7 8	9 10	
62
4914

2 3	1 12	15 11	13 14	5 6	16 4	9 10	8 7	
63
6087

3 2	12 1	15 11	14 13	4 16	5 6	10 9	8 7	
64
4962

10 8	9 12	11 15	14 13	5 16	7 6	3 4	1 2	
65
6500

15 11	13 14	9 12	8 10	5 16	7 6	1 2	3 4	
66
7085

11 15	13 14	10 8	12 9	16 5	7 6	1 2	4 3	
67
6194

15 12	14 13	2 3	1 11	16 4	6 5	8 7	10 9	
68
6424

16 5	6 7	3 4	2 1	8 10	12 9	11 15	14 13	
69
5257

2 1	4 3	6 7	5 16	14 13	15 11	8 10	12 9	
70
5530

5 6	16 4	10 9	8 7	2 3	1 12	11 15	13 14	
71
5240

14 13	11 15	12 9	10 8	1 2	3 4	6 7	16 5	
72
5283

9 12	8 10	11 15	13 14	3 4	1 2	7 6	5 16	
73
5997

3 2	12 1	13 14	11 15	5 6	4 16	10 9	8 7	
74
5629

9 10	8 7	6 5	16 4	11 15	13 14	2 3	12 1	
75
4841

1 2	4 3	5 16	7 6	11 15	13 14	10 8	9 12	
76
5684

8 7	9 10	4 16	6 5	2 3	12 1	15 11	13 14	
77
5884

12 9	8 10	13 14	11 15	1 2	3 4	7 6	16 5	
78
5496

12 9	8 10	15 11	14 13	7 6	16 5	4 3	2 1	
79
4994

6 7	16 5	1 2	4 3	13 14	11 15	10 8	12 9	
80
5572

16 5	6 7	4 3	1 2	8 10	12 9	11 15	14 13	
81
4846

4 16	5 6	10 9	7 8	3 2	12 1	11 15	13 14	
82
4796

9 10	7 8	4 16	5 6	11 1	2 3	12 15	13 14	
83
6061

1 2	4 3	7 6	16 5	15 11	14 13	10 8	9 12	
84
5513

1 12	3 2	15 11	14 13	7 8	9 10	4 16	5 6	
85
6100

13 14	11 15	3 2	1 12	9 10	7 8	5 6	4 16	
86
6068

15 11	13 14	1 12	3 2	5 6	4 16	10 9	8 7	
87
6077

1 11	2 3	14 13	15 12	4 16	5 6	7 8	9 10	
88
4930

2 3	11 1	13 14	15 12	5 6	16 4	8 7	9 10	
89
5884

12 15	13 14	3 2	1 11	6 5	4 16	8 7	10 9	
90
6822

8 10	9 12	14 13	11 15	2 1	4 3	7 6	5 16	
91
6297

11 15	13 14	8 10	9 12	6 7	16 5	1 2	4 3	
92
5288

8 10	12 9	11 15	13 14	16 5	7 6	1 2	3 4	
93
5973

14 13	15 11	8 10	12 9	1 2	3 4	6 7	16 5	
94
5757

15 11	13 14	8 10	12 9	3 4	1 2	16 5	7 6	
95
5448

1 11	2 3	12 15	13 14	7 8	9 10	5 6	16 4	
96
6326

10 9	7 8	16 4	5 6	1 11	3 2	14 13	12 15	
97
7339

11 15	14 13	12 9	8 10	7 6	5 16	1 2	3 4	
98
6216

9 10	7 8	16 4	6 5	15 11	13 14	3 2	12 1	
99
5276


./CPP_Code/Graph1.txt	no. of cores= 16	no. of cuts 100
5 6	4 16	7 8	9 10	3 2	11 1	13 14	12 15	
0
4199.000000

5 6	16 4	7 8	9 10	2 3	1 12	11 15	13 14	
1
4502.000000

5 6	4 16	7 8	9 10	3 2	11 1	13 14	12 15	
2
4199.000000

16 5	7 6	4 3	1 2	8 10	12 9	13 14	11 15	
3
4189.000000

12 1	3 2	13 14	11 15	4 16	5 6	9 10	7 8	
4
4231.000000

15 12	14 13	1 11	2 3	10 9	8 7	16 4	6 5	
5
4199.000000

3 4	2 1	5 16	6 7	14 13	15 11	10 8	9 12	
6
4189.000000

14 13	15 12	1 11	2 3	10 9	8 7	16 4	6 5	
7
4199.000000

14 13	15 11	1 12	2 3	10 9	8 7	16 4	6 5	
8
4231.000000

15 12	14 13	1 11	2 3	10 9	8 7	16 4	6 5	
9
4199.000000

15 11	14 13	1 12	2 3	10 9	8 7	16 4	6 5	
10
4231.000000

14 13	15 11	9 12	10 8	2 1	3 4	6 7	5 16	
11
4189.000000

14 13	15 11	1 12	2 3	10 9	8 7	16 4	6 5	
12
4231.000000

14 13	15 11	12 1	3 2	16 4	5 6	9 10	7 8	
13
4864.000000

15 12	14 13	1 11	2 3	10 9	8 7	16 4	6 5	
14
4199.000000

11 1	3 2	12 15	13 14	4 16	5 6	9 10	7 8	
15
4199.000000

1 11	2 3	12 15	13 14	16 4	5 6	9 10	7 8	
16
4502.000000

15 11	14 13	9 12	10 8	2 1	3 4	6 7	5 16	
17
4189.000000

14 13	15 11	9 12	10 8	2 1	3 4	6 7	5 16	
18
4189.000000

12 9	8 10	13 14	11 15	7 6	16 5	1 2	4 3	
19
4189.000000

8 7	10 9	6 5	4 16	14 13	15 12	3 2	11 1	
20
4502.000000

5 6	4 16	7 8	9 10	3 2	11 1	13 14	12 15	
21
4199.000000

5 6	16 4	7 8	9 10	2 3	1 11	13 14	12 15	
22
4502.000000

8 7	10 9	6 5	16 4	14 13	15 12	2 3	1 11	
23
4199.000000

12 9	8 10	11 15	13 14	7 6	16 5	1 2	4 3	
24
4189.000000

8 7	10 9	6 5	4 16	14 13	15 12	3 2	11 1	
25
4502.000000

5 6	16 4	7 8	9 10	14 13	15 12	3 2	11 1	
26
4864.000000

16 5	7 6	4 3	1 2	8 10	12 9	13 14	11 15	
27
4189.000000

5 6	16 4	7 8	9 10	2 3	1 12	11 15	13 14	
28
4502.000000

8 7	10 9	6 5	16 4	14 13	15 12	2 3	1 11	
29
4199.000000

3 4	2 1	5 16	6 7	14 13	15 11	10 8	9 12	
30
4189.000000

5 6	4 16	7 8	9 10	3 2	11 1	12 15	13 14	
31
4199.000000

5 6	16 4	7 8	9 10	2 3	1 12	11 15	13 14	
32
4502.000000

8 7	10 9	6 5	4 16	15 11	14 13	3 2	12 1	
33
4502.000000

8 7	10 9	6 5	4 16	14 13	15 12	3 2	11 1	
34
4502.000000

16 5	7 6	4 3	1 2	8 10	12 9	11 15	13 14	
35
4189.000000

3 4	2 1	5 16	6 7	15 11	14 13	10 8	9 12	
36
4189.000000

8 7	10 9	6 5	16 4	14 13	15 12	2 3	1 11	
37
4199.000000

5 6	16 4	7 8	9 10	2 3	1 11	13 14	12 15	
38
4502.000000

15 12	14 13	11 1	3 2	16 4	5 6	9 10	7 8	
39
4864.000000

12 1	3 2	11 15	13 14	4 16	5 6	9 10	7 8	
40
4231.000000

5 6	16 4	7 8	9 10	2 3	1 12	11 15	13 14	
41
4502.000000

8 7	10 9	6 5	16 4	15 12	14 13	2 3	1 11	
42
4199.000000

5 6	16 4	7 8	9 10	2 3	1 12	11 15	13 14	
43
4502.000000

5 6	16 4	7 8	9 10	14 13	15 12	3 2	11 1	
44
4864.000000

14 13	15 11	1 12	2 3	10 9	8 7	16 4	6 5	
45
4231.000000

16 5	7 6	4 3	1 2	8 10	12 9	11 15	13 14	
46
4189.000000

16 5	7 6	4 3	1 2	8 10	12 9	13 14	11 15	
47
4189.000000

12 9	8 10	11 15	13 14	7 6	16 5	1 2	4 3	
48
4189.000000

15 11	14 13	1 12	2 3	10 9	8 7	16 4	6 5	
49
4231.000000

16 5	7 6	4 3	1 2	8 10	12 9	11 15	13 14	
50
4189.000000

14 13	15 12	1 11	2 3	10 9	8 7	16 4	6 5	
51
4199.000000

12 9	8 10	13 14	11 15	7 6	16 5	1 2	4 3	
52
4189.000000

12 9	8 10	13 14	11 15	7 6	16 5	1 2	4 3	
53
4189.000000

16 5	7 6	4 3	1 2	8 10	12 9	13 14	11 15	
54
4189.000000

16 5	7 6	4 3	1 2	8 10	12 9	11 15	13 14	
55
4189.000000

8 7	10 9	6 5	4 16	14 13	15 12	3 2	11 1	
56
4502.000000

8 7	10 9	6 5	16 4	15 12	14 13	2 3	1 11	
57
4199.000000

12 1	3 2	13 14	11 15	4 16	5 6	9 10	7 8	
58
4231.000000

15 12	14 13	1 11	2 3	10 9	8 7	16 4	6 5	
59
4199.000000

15 11	14 13	1 12	2 3	10 9	8 7	16 4	6 5	
60
4231.000000

11 1	3 2	12 15	13 14	4 16	5 6	9 10	7 8	
61
4199.000000

12 1	3 2	13 14	11 15	4 16	5 6	9 10	7 8	
62
4231.000000

12 1	3 2	13 14	11 15	4 16	5 6	9 10	7 8	
63
4231.000000

12 1	3 2	13 14	11 15	4 16	5 6	9 10	7 8	
64
4231.000000

12 9	8 10	13 14	11 15	7 6	16 5	1 2	4 3	
65
4189.000000

12 9	8 10	11 15	13 14	7 6	16 5	1 2	4 3	
66
4189.000000

12 9	8 10	13 14	11 15	7 6	16 5	1 2	4 3	
67
4189.000000

15 12	14 13	11 1	3 2	16 4	5 6	9 10	7 8	
68
4864.000000

16 5	7 6	4 3	1 2	8 10	12 9	11 15	13 14	
69
4189.000000

3 4	2 1	5 16	6 7	14 13	15 11	10 8	9 12	
70
4189.000000

5 6	16 4	7 8	9 10	2 3	1 12	11 15	13 14	
71
4502.000000

14 13	15 11	9 12	10 8	2 1	3 4	6 7	5 16	
72
4189.000000

15 11	14 13	9 12	10 8	2 1	3 4	6 7	5 16	
73
4189.000000

12 1	3 2	11 15	13 14	4 16	5 6	9 10	7 8	
74
4231.000000

8 7	10 9	6 5	4 16	15 11	14 13	3 2	12 1	
75
4502.000000

3 4	2 1	5 16	6 7	15 11	14 13	10 8	9 12	
76
4189.000000

8 7	10 9	6 5	4 16	2 3	1 12	11 15	13 14	
77
4864.000000

14 13	15 11	9 12	10 8	2 1	3 4	6 7	5 16	
78
4189.000000

12 9	8 10	11 15	13 14	7 6	16 5	1 2	4 3	
79
4189.000000

16 5	7 6	4 3	1 2	8 10	12 9	13 14	11 15	
80
4189.000000

16 5	7 6	4 3	1 2	8 10	12 9	11 15	13 14	
81
4189.000000

5 6	16 4	7 8	9 10	2 3	1 12	11 15	13 14	
82
4502.000000

8 7	10 9	6 5	16 4	15 12	14 13	2 3	1 11	
83
4199.000000

3 4	2 1	5 16	6 7	15 11	14 13	10 8	9 12	
84
4189.000000

1 12	2 3	11 15	13 14	16 4	5 6	9 10	7 8	
85
4502.000000

15 11	14 13	1 12	2 3	10 9	8 7	16 4	6 5	
86
4231.000000

12 1	3 2	11 15	13 14	4 16	5 6	9 10	7 8	
87
4231.000000

11 1	3 2	12 15	13 14	4 16	5 6	9 10	7 8	
88
4199.000000

11 1	3 2	12 15	13 14	4 16	5 6	9 10	7 8	
89
4199.000000

11 1	3 2	12 15	13 14	4 16	5 6	9 10	7 8	
90
4199.000000

14 13	15 11	9 12	10 8	2 1	3 4	6 7	5 16	
91
4189.000000

12 9	8 10	13 14	11 15	7 6	16 5	1 2	4 3	
92
4189.000000

12 9	8 10	13 14	11 15	7 6	16 5	1 2	4 3	
93
4189.000000

15 11	14 13	9 12	10 8	2 1	3 4	6 7	5 16	
94
4189.000000

14 13	15 11	9 12	10 8	2 1	3 4	6 7	5 16	
95
4189.000000

15 12	14 13	1 11	2 3	10 9	8 7	16 4	6 5	
96
4199.000000

8 7	10 9	6 5	16 4	15 12	14 13	2 3	1 11	
97
4199.000000

12 9	8 10	11 15	13 14	7 6	16 5	1 2	4 3	
98
4189.000000

8 7	10 9	6 5	4 16	15 11	14 13	3 2	12 1	
99
4502.000000



***** best cost=4189.000000
best =3	Execution Time: 0.076030
15 11	13 14	9 12	8 10	16 5	7 6	2 1	3 4	
0
6053

15 11	13 14	8 10	12 9	6 7	5 16	1 2	3 4	
1
5859

11 15	13 14	10 8	12 9	6 7	16 5	4 3	2 1	
2
6313

13 14	15 11	10 8	12 9	16 5	6 7	4 3	1 2	
3
5840

7 8	10 9	5 6	16 4	15 12	13 14	1 11	3 2	
4
6221

4 16	5 6	7 8	9 10	13 14	15 11	12 1	3 2	
5
5936

4 16	5 6	10 9	8 7	3 2	12 1	13 14	15 11	
6
4978

9 10	8 7	5 6	4 16	15 11	13 14	1 12	3 2	
7
5556

7 8	10 9	6 5	4 16	2 3	1 11	14 13	12 15	
8
5420

16 4	5 6	7 8	10 9	2 3	1 12	14 13	11 15	
9
5420

16 4	6 5	7 8	10 9	1 12	3 2	11 15	14 13	
10
6216

16 5	7 6	4 3	2 1	12 9	10 8	13 14	15 11	
11
5245

16 4	5 6	8 7	9 10	15 11	14 13	3 2	1 12	
12
6237

16 4	5 6	8 7	9 10	11 1	3 2	13 14	15 12	
13
6577

9 10	8 7	16 4	6 5	2 3	12 1	11 15	13 14	
14
5558

6 5	4 16	9 10	8 7	12 15	14 13	1 11	3 2	
15
6952

3 4	1 2	7 6	5 16	12 9	8 10	13 14	15 11	
16
6567

16 4	5 6	9 10	7 8	1 11	2 3	14 13	12 15	
17
5274

11 15	14 13	12 9	8 10	7 6	5 16	1 2	3 4	
18
6216

9 10	7 8	16 4	6 5	15 11	13 14	3 2	12 1	
19
5276

6 5	4 16	7 8	9 10	12 15	13 14	3 2	1 11	
20
5697

12 9	10 8	15 11	13 14	7 6	16 5	3 4	1 2	
21
5783

16 5	7 6	4 3	2 1	15 11	14 13	9 12	8 10	
22
5545

1 2	3 4	5 16	7 6	14 13	11 15	10 8	12 9	
23
5697

3 4	1 2	5 16	6 7	15 11	14 13	10 8	9 12	
24
4551

1 11	3 2	14 13	15 12	6 5	16 4	9 10	8 7	
25
6239

11 1	2 3	15 12	13 14	9 10	8 7	6 5	4 16	
26
5916

13 14	15 12	11 1	2 3	8 7	10 9	6 5	4 16	
27
5312

15 12	14 13	3 2	11 1	5 6	4 16	10 9	8 7	
28
6353

3 4	1 2	16 5	7 6	9 12	10 8	14 13	11 15	
29
5448

2 3	11 1	12 15	14 13	6 5	16 4	8 7	9 10	
30
5950

11 1	2 3	14 13	12 15	8 7	9 10	5 6	16 4	
31
6278

10 9	7 8	16 4	6 5	15 11	14 13	12 1	2 3	
32
5469

10 8	12 9	11 15	14 13	5 16	6 7	3 4	2 1	
33
5607

7 8	10 9	6 5	16 4	1 11	3 2	13 14	15 12	
34
6305

15 11	13 14	9 12	10 8	2 1	3 4	7 6	16 5	
35
4802

11 15	13 14	10 8	12 9	7 6	5 16	2 1	4 3	
36
6499

15 12	13 14	11 1	2 3	4 16	6 5	9 10	7 8	
37
6043

3 2	11 1	12 15	13 14	9 10	7 8	6 5	16 4	
38
6747

12 1	3 2	15 11	13 14	4 16	5 6	8 7	10 9	
39
4985

1 2	3 4	7 6	5 16	12 9	8 10	15 11	14 13	
40
6172

6 5	16 4	9 10	7 8	3 2	1 11	15 12	13 14	
41
5385

11 15	13 14	12 9	10 8	6 7	16 5	1 2	4 3	
42
5256

8 10	12 9	11 15	14 13	5 16	6 7	3 4	1 2	
43
6175

13 14	15 11	10 8	12 9	6 7	16 5	1 2	3 4	
44
6297

11 1	2 3	15 12	13 14	16 4	6 5	7 8	10 9	
45
5226

12 1	2 3	15 11	14 13	7 8	9 10	5 6	16 4	
46
6460

10 9	7 8	16 4	5 6	15 11	14 13	2 3	1 12	
47
5805

6 5	16 4	9 10	7 8	13 14	12 15	11 1	2 3	
48
6093

5 4	2 3	14 13	16 1	9 12	10 8	6 7	15 11	
49
6118

9 10	7 8	5 6	4 16	3 2	1 11	15 12	13 14	
50
6084

13 14	11 15	1 12	3 2	8 7	9 10	5 6	4 16	
51
5235

3 2	12 1	13 14	15 11	7 8	9 10	4 16	5 6	
52
6376

4 3	1 2	6 7	16 5	9 12	10 8	14 13	11 15	
53
6865

6 5	16 4	10 9	7 8	15 12	13 14	11 1	2 3	
54
6248

16 4	5 6	10 9	8 7	14 13	11 15	3 2	12 1	
55
5611

6 5	16 4	9 10	8 7	3 2	11 1	15 12	13 14	
56
5887

12 9	8 10	15 11	13 14	7 6	5 16	1 2	3 4	
57
5648

11 15	13 14	3 2	1 12	7 8	9 10	16 4	5 6	
58
6435

11 1	3 2	15 12	13 14	4 16	5 6	9 10	8 7	
59
4787

7 6	16 5	3 4	2 1	13 14	11 15	8 10	9 12	
60
6069

7 6	5 16	3 4	2 1	15 11	13 14	12 9	8 10	
61
6865

16 4	5 6	9 10	8 7	3 2	12 1	13 14	11 15	
62
5830

16 4	6 5	7 8	10 9	14 13	15 11	3 2	1 12	
63
5902

7 8	9 10	6 5	16 4	3 2	11 1	13 14	12 15	
64
5654

8 7	9 10	5 6	4 16	11 1	2 3	14 13	12 15	
65
5613

7 8	9 10	6 5	16 4	11 1	3 2	15 12	13 14	
66
6032

15 11	13 14	10 8	12 9	1 2	3 4	6 7	16 5	
67
5567

14 13	12 15	2 3	11 1	6 5	4 16	9 10	8 7	
68
7612

1 2	4 3	7 6	5 16	15 11	14 13	8 10	9 12	
69
5351

3 4	2 1	5 16	7 6	14 13	15 11	8 10	12 9	
70
4514

3 4	2 1	16 5	7 6	9 12	10 8	13 14	15 11	
71
5086

6 5	16 4	9 10	7 8	3 2	1 11	15 12	13 14	
72
5385

11 15	13 14	12 9	10 8	6 7	16 5	1 2	4 3	
73
5256

12 9	8 10	14 13	11 15	5 16	6 7	1 2	4 3	
74
5529

8 7	9 10	5 6	4 16	3 2	12 1	14 13	15 11	
75
5527

7 8	9 10	6 5	16 4	12 15	14 13	1 11	3 2	
76
5346

12 1	2 3	11 15	13 14	7 8	10 9	6 5	4 16	
77
5900

10 8	12 9	14 13	11 15	2 1	3 4	16 5	7 6	
78
5955

1 2	4 3	7 6	5 16	14 13	11 15	8 10	12 9	
79
5257

3 4	2 1	5 16	7 6	9 12	10 8	13 14	15 11	
80
5130

4 3	1 2	7 6	5 16	12 9	10 8	13 14	15 11	
81
6410

5 6	16 4	9 10	8 7	3 2	1 11	12 15	13 14	
82
5843

16 4	5 6	9 10	7 8	3 2	12 1	14 13	15 11	
83
5322

9 10	7 8	5 6	16 4	15 12	14 13	1 11	3 2	
84
6403

9 10	7 8	6 5	16 4	13 14	15 12	1 11	2 3	
85
5347

8 7	9 10	5 6	4 16	12 15	13 14	11 1	3 2	
86
5069

8 7	9 10	6 5	16 4	11 15	14 13	12 1	2 3	
87
4786

9 10	7 8	4 16	5 6	13 14	11 15	3 2	1 12	
88
5401

4 3	2 1	7 6	16 5	11 15	14 13	10 8	12 9	
89
6380

5 16	7 6	4 3	2 1	12 9	10 8	13 14	15 11	
90
5915

16 5	7 6	4 3	1 2	8 10	12 9	13 14	15 11	
91
4205

6 5	4 16	10 9	7 8	15 12	13 14	3 2	11 1	
92
6183

12 1	2 3	11 15	13 14	10 9	7 8	6 5	4 16	
93
6237

13 14	12 15	11 1	2 3	9 10	7 8	6 5	4 16	
94
6002

13 14	15 11	1 12	3 2	5 6	4 16	7 8	10 9	
95
5574

9 12	8 10	11 15	14 13	5 16	7 6	3 4	1 2	
96
6010

4 16	5 6	8 7	9 10	15 11	14 13	1 12	3 2	
97
6594

9 12	8 10	11 15	13 14	1 2	3 4	16 5	7 6	
98
6269

12 9	8 10	14 13	11 15	7 6	5 16	4 3	2 1	
99
5648


./CPP_Code/Graph1.txt	no. of cores= 16	no. of cuts 100
12 9	8 10	11 15	13 14	7 6	16 5	1 2	4 3	
0
4189.000000

12 9	8 10	13 14	11 15	7 6	16 5	1 2	4 3	
1
4189.000000

12 9	8 10	13 14	11 15	7 6	16 5	1 2	4 3	
2
4189.000000

12 9	8 10	11 15	13 14	7 6	16 5	1 2	4 3	
3
4189.000000

8 7	10 9	6 5	4 16	14 13	15 12	3 2	11 1	
4
4502.000000

5 6	4 16	7 8	9 10	3 2	12 1	13 14	11 15	
5
4231.000000

5 6	16 4	7 8	9 10	2 3	1 12	13 14	11 15	
6
4502.000000

8 7	10 9	6 5	4 16	14 13	15 11	3 2	12 1	
7
4502.000000

8 7	10 9	6 5	16 4	14 13	15 12	2 3	1 11	
8
4199.000000

5 6	16 4	7 8	9 10	2 3	1 12	13 14	11 15	
9
4502.000000

5 6	16 4	7 8	9 10	2 3	1 12	13 14	11 15	
10
4502.000000

16 5	7 6	4 3	1 2	8 10	12 9	11 15	13 14	
11
4189.000000

8 7	10 9	6 5	4 16	14 13	15 11	3 2	12 1	
12
4502.000000

5 6	16 4	7 8	9 10	2 3	1 11	13 14	12 15	
13
4502.000000

8 7	10 9	6 5	16 4	15 11	14 13	2 3	1 12	
14
4231.000000

5 6	16 4	7 8	9 10	14 13	15 12	3 2	11 1	
15
4864.000000

3 4	2 1	5 16	6 7	14 13	15 11	10 8	9 12	
16
4189.000000

5 6	16 4	7 8	9 10	2 3	1 11	13 14	12 15	
17
4502.000000

12 9	8 10	11 15	13 14	7 6	16 5	1 2	4 3	
18
4189.000000

8 7	10 9	6 5	4 16	15 11	14 13	3 2	12 1	
19
4502.000000

5 6	16 4	7 8	9 10	14 13	15 12	3 2	11 1	
20
4864.000000

12 9	8 10	11 15	13 14	7 6	16 5	1 2	4 3	
21
4189.000000

16 5	7 6	4 3	1 2	8 10	12 9	11 15	13 14	
22
4189.000000

3 4	2 1	5 16	6 7	14 13	15 11	10 8	9 12	
23
4189.000000

3 4	2 1	5 16	6 7	15 11	14 13	10 8	9 12	
24
4189.000000

11 1	3 2	12 15	13 14	4 16	5 6	9 10	7 8	
25
4199.000000

15 12	14 13	1 11	2 3	10 9	8 7	16 4	6 5	
26
4199.000000

15 12	14 13	1 11	2 3	10 9	8 7	16 4	6 5	
27
4199.000000

11 1	3 2	12 15	13 14	4 16	5 6	9 10	7 8	
28
4199.000000

3 4	2 1	5 16	6 7	14 13	15 11	10 8	9 12	
29
4189.000000

11 1	3 2	12 15	13 14	4 16	5 6	9 10	7 8	
30
4199.000000

15 12	14 13	1 11	2 3	10 9	8 7	16 4	6 5	
31
4199.000000

8 7	10 9	6 5	4 16	14 13	15 11	3 2	12 1	
32
4502.000000

12 9	8 10	13 14	11 15	7 6	16 5	1 2	4 3	
33
4189.000000

5 6	16 4	7 8	9 10	2 3	1 11	13 14	12 15	
34
4502.000000

15 11	14 13	9 12	10 8	2 1	3 4	6 7	5 16	
35
4189.000000

12 9	8 10	13 14	11 15	7 6	16 5	1 2	4 3	
36
4189.000000

11 1	3 2	12 15	13 14	4 16	5 6	9 10	7 8	
37
4199.000000

14 13	15 12	1 11	2 3	10 9	8 7	16 4	6 5	
38
4199.000000

12 1	3 2	11 15	13 14	4 16	5 6	9 10	7 8	
39
4231.000000

3 4	2 1	5 16	6 7	15 11	14 13	10 8	9 12	
40
4189.000000

5 6	16 4	7 8	9 10	2 3	1 11	13 14	12 15	
41
4502.000000

12 9	8 10	11 15	13 14	7 6	16 5	1 2	4 3	
42
4189.000000

12 9	8 10	13 14	11 15	7 6	16 5	1 2	4 3	
43
4189.000000

12 9	8 10	11 15	13 14	7 6	16 5	1 2	4 3	
44
4189.000000

11 1	3 2	12 15	13 14	4 16	5 6	9 10	7 8	
45
4199.000000

15 11	14 13	1 12	2 3	10 9	8 7	16 4	6 5	
46
4231.000000

8 7	10 9	6 5	4 16	15 11	14 13	3 2	12 1	
47
4502.000000

5 6	16 4	7 8	9 10	14 13	15 12	3 2	11 1	
48
4864.000000

1 16	14 13	3 2	4 5	10 8	9 12	7 6	15 11	
49
4431.000000

8 7	10 9	6 5	16 4	14 13	15 12	2 3	1 11	
50
4199.000000

14 13	15 11	1 12	2 3	10 9	8 7	16 4	6 5	
51
4231.000000

1 12	2 3	11 15	13 14	16 4	5 6	9 10	7 8	
52
4502.000000

16 5	7 6	4 3	1 2	8 10	12 9	11 15	13 14	
53
4189.000000

8 7	10 9	6 5	4 16	14 13	15 12	3 2	11 1	
54
4502.000000

5 6	16 4	7 8	9 10	14 13	15 11	3 2	12 1	
55
4864.000000

5 6	16 4	7 8	9 10	2 3	1 11	13 14	12 15	
56
4502.000000

12 9	8 10	11 15	13 14	7 6	16 5	1 2	4 3	
57
4189.000000

14 13	15 11	1 12	2 3	10 9	8 7	16 4	6 5	
58
4231.000000

11 1	3 2	12 15	13 14	4 16	5 6	9 10	7 8	
59
4199.000000

16 5	7 6	4 3	1 2	8 10	12 9	13 14	11 15	
60
4189.000000

3 4	2 1	5 16	6 7	15 11	14 13	10 8	9 12	
61
4189.000000

5 6	16 4	7 8	9 10	2 3	1 12	13 14	11 15	
62
4502.000000

5 6	16 4	7 8	9 10	14 13	15 11	3 2	12 1	
63
4864.000000

8 7	10 9	6 5	16 4	14 13	15 12	2 3	1 11	
64
4199.000000

8 7	10 9	6 5	16 4	15 12	14 13	2 3	1 11	
65
4199.000000

8 7	10 9	6 5	16 4	15 12	14 13	2 3	1 11	
66
4199.000000

14 13	15 11	9 12	10 8	2 1	3 4	6 7	5 16	
67
4189.000000

11 1	3 2	12 15	13 14	4 16	5 6	9 10	7 8	
68
4199.000000

3 4	2 1	5 16	6 7	15 11	14 13	10 8	9 12	
69
4189.000000

3 4	2 1	5 16	6 7	14 13	15 11	10 8	9 12	
70
4189.000000

3 4	2 1	5 16	6 7	14 13	15 11	10 8	9 12	
71
4189.000000

5 6	16 4	7 8	9 10	2 3	1 11	13 14	12 15	
72
4502.000000

12 9	8 10	11 15	13 14	7 6	16 5	1 2	4 3	
73
4189.000000

12 9	8 10	13 14	11 15	7 6	16 5	1 2	4 3	
74
4189.000000

8 7	10 9	6 5	16 4	14 13	15 11	2 3	1 12	
75
4231.000000

8 7	10 9	6 5	4 16	14 13	15 12	3 2	11 1	
76
4502.000000

15 11	14 13	1 12	2 3	10 9	8 7	16 4	6 5	
77
4231.000000

14 13	15 11	9 12	10 8	2 1	3 4	6 7	5 16	
78
4189.000000

3 4	2 1	5 16	6 7	14 13	15 11	10 8	9 12	
79
4189.000000

3 4	2 1	5 16	6 7	14 13	15 11	10 8	9 12	
80
4189.000000

3 4	2 1	5 16	6 7	15 11	14 13	10 8	9 12	
81
4189.000000

5 6	16 4	7 8	9 10	2 3	1 11	13 14	12 15	
82
4502.000000

5 6	16 4	7 8	9 10	2 3	1 12	13 14	11 15	
83
4502.000000

8 7	10 9	6 5	4 16	14 13	15 12	3 2	11 1	
84
4502.000000

8 7	10 9	6 5	4 16	14 13	15 12	3 2	11 1	
85
4502.000000

8 7	10 9	6 5	4 16	14 13	15 12	3 2	11 1	
86
4502.000000

8 7	10 9	6 5	4 16	14 13	15 11	3 2	12 1	
87
4502.000000

8 7	10 9	6 5	4 16	14 13	15 11	3 2	12 1	
88
4502.000000

16 5	7 6	4 3	1 2	8 10	12 9	11 15	13 14	
89
4189.000000

16 5	7 6	4 3	1 2	8 10	12 9	11 15	13 14	
90
4189.000000

16 5	7 6	4 3	1 2	8 10	12 9	13 14	11 15	
91
4189.000000

8 7	10 9	6 5	4 16	14 13	15 12	3 2	11 1	
92
4502.000000

15 11	14 13	1 12	2 3	10 9	8 7	16 4	6 5	
93
4231.000000

15 12	14 13	1 11	2 3	10 9	8 7	16 4	6 5	
94
4199.000000

12 1	3 2	13 14	11 15	4 16	5 6	9 10	7 8	
95
4231.000000

12 9	8 10	11 15	13 14	7 6	16 5	1 2	4 3	
96
4189.000000

8 7	10 9	6 5	4 16	15 11	14 13	3 2	12 1	
97
4502.000000

15 11	14 13	9 12	10 8	2 1	3 4	6 7	5 16	
98
4189.000000

12 9	8 10	13 14	11 15	7 6	16 5	1 2	4 3	
99
4189.000000



***** best cost=4189.000000
best =0	Execution Time: 0.070128
10 8	12 9	11 15	13 14	5 16	6 7	2 1	4 3	
0
5953

8 10	9 12	11 15	14 13	16 5	6 7	1 2	4 3	
1
5935

15 11	13 14	8 10	12 9	2 1	4 3	16 5	7 6	
2
6270

4 16	6 5	7 8	9 10	13 14	15 12	2 3	11 1	
3
6742

4 16	6 5	9 10	8 7	2 3	11 1	15 12	13 14	
4
6285

4 16	6 5	10 9	8 7	3 2	1 11	14 13	15 12	
5
5672

16 4	6 5	7 8	10 9	12 15	14 13	1 11	2 3	
6
6540

9 10	8 7	16 4	6 5	2 3	12 1	11 15	13 14	
7
5558

6 5	4 16	9 10	8 7	15 12	14 13	1 11	3 2	
8
6936

7 8	10 9	6 5	4 16	2 3	1 11	14 13	15 12	
9
5436

3 4	1 2	7 6	5 16	15 11	14 13	8 10	9 12	
10
5713

16 4	6 5	7 8	10 9	12 1	2 3	11 15	14 13	
11
5886

16 4	5 6	8 7	9 10	12 15	13 14	3 2	11 1	
12
6135

9 10	7 8	16 4	6 5	15 11	13 14	3 2	12 1	
13
5276

6 5	4 16	7 8	9 10	12 15	13 14	3 2	1 11	
14
5697

9 10	8 7	5 6	4 16	13 14	15 12	11 1	3 2	
15
5518

9 10	8 7	5 6	16 4	13 14	12 15	11 1	2 3	
16
5907

8 7	9 10	6 5	16 4	12 1	3 2	15 11	13 14	
17
5834

16 4	5 6	7 8	10 9	11 15	13 14	1 12	2 3	
18
6522

16 4	6 5	7 8	10 9	12 15	14 13	1 11	2 3	
19
6540

9 10	8 7	16 4	6 5	2 3	12 1	11 15	13 14	
20
5558

6 5	4 16	9 10	8 7	15 12	14 13	1 11	3 2	
21
6936

7 8	10 9	6 5	4 16	2 3	1 11	14 13	15 12	
22
5436

3 4	1 2	7 6	5 16	15 11	14 13	8 10	9 12	
23
5713

16 4	6 5	7 8	10 9	12 1	2 3	11 15	14 13	
24
5886

16 4	5 6	8 7	9 10	12 15	13 14	3 2	11 1	
25
6135

10 9	7 8	16 4	6 5	14 13	11 15	3 2	12 1	
26
5447

11 15	13 14	12 9	8 10	7 6	5 16	3 4	2 1	
27
6281

3 4	2 1	6 7	5 16	10 8	12 9	13 14	11 15	
28
5626

12 9	10 8	14 13	15 11	7 6	5 16	3 4	1 2	
29
6469

7 6	5 16	3 4	2 1	13 14	11 15	8 10	9 12	
30
6739

3 4	2 1	7 6	16 5	15 11	13 14	12 9	8 10	
31
5497

3 4	1 2	6 7	16 5	9 12	10 8	15 11	14 13	
32
6832

6 5	16 4	8 7	10 9	11 15	13 14	1 12	3 2	
33
5731

16 4	5 6	9 10	7 8	14 13	15 11	3 2	12 1	
34
5226

13 14	11 15	8 10	12 9	4 3	2 1	16 5	7 6	
35
5875

9 10	7 8	6 5	16 4	3 2	1 12	13 14	15 11	
36
6077

11 15	13 14	9 12	10 8	2 1	4 3	5 16	6 7	
37
5721

8 7	9 10	6 5	16 4	15 11	13 14	3 2	12 1	
38
4748

4 16	6 5	7 8	9 10	3 2	11 1	12 15	13 14	
39
5602

9 10	7 8	5 6	4 16	3 2	11 1	15 12	14 13	
40
6030

2 1	3 4	7 6	16 5	8 10	9 12	13 14	15 11	
41
5512

6 5	16 4	9 10	7 8	13 14	15 12	1 11	3 2	
42
5779

10 9	8 7	5 6	16 4	3 2	11 1	15 12	14 13	
43
6358

14 13	15 11	2 3	1 12	10 9	8 7	5 6	16 4	
44
5932

6 5	16 4	10 9	7 8	3 2	11 1	12 15	13 14	
45
5502

3 4	2 1	7 6	5 16	15 11	13 14	10 8	9 12	
46
5573

9 10	7 8	5 6	4 16	15 11	14 13	3 2	1 12	
47
5376

4 3	1 2	7 6	16 5	12 9	10 8	13 14	11 15	
48
6350

6 5	16 4	9 10	7 8	14 13	15 11	1 12	3 2	
49
5731

4 16	5 6	7 8	10 9	13 14	11 15	2 3	12 1	
50
6257

14 13	11 15	8 10	9 12	16 5	6 7	4 3	2 1	
51
5950

13 14	11 15	1 12	2 3	5 6	16 4	8 7	9 10	
52
6224

15 11	14 13	12 1	3 2	10 9	8 7	6 5	16 4	
53
5228

16 5	7 6	3 4	2 1	15 11	14 13	8 10	9 12	
54
5310

5 16	6 7	1 2	3 4	14 13	11 15	10 8	12 9	
55
6380

5 6	16 4	8 7	9 10	11 15	14 13	12 1	3 2	
56
5750

16 4	6 5	7 8	9 10	13 14	15 11	1 12	3 2	
57
6077

12 9	8 10	15 11	13 14	7 6	16 5	4 3	1 2	
58
4616

14 13	15 11	8 10	12 9	6 7	5 16	1 2	3 4	
59
5843

12 1	3 2	15 11	13 14	5 6	16 4	10 9	8 7	
60
6012

1 2	3 4	16 5	7 6	13 14	15 11	9 12	10 8	
61
5859

1 2	4 3	16 5	7 6	14 13	11 15	8 10	12 9	
62
5308

4 16	5 6	7 8	9 10	13 14	11 15	12 1	3 2	
63
5952

6 5	16 4	7 8	10 9	13 14	12 15	2 3	11 1	
64
5533

12 9	8 10	15 11	13 14	7 6	16 5	3 4	1 2	
65
5389

13 14	12 15	1 11	3 2	5 6	4 16	8 7	10 9	
66
5756

8 10	12 9	13 14	15 11	5 16	7 6	1 2	4 3	
67
5886

2 3	1 11	15 12	13 14	5 6	16 4	10 9	8 7	
68
5980

15 11	13 14	12 1	2 3	4 16	5 6	10 9	8 7	
69
5708

8 7	10 9	6 5	16 4	15 11	14 13	3 2	1 12	
70
4663

16 4	5 6	9 10	8 7	3 2	12 1	15 11	13 14	
71
5846

9 12	8 10	15 11	13 14	3 4	1 2	7 6	16 5	
72
5969

8 7	9 10	5 6	16 4	12 1	3 2	11 15	13 14	
73
6522

4 16	6 5	7 8	9 10	13 14	12 15	3 2	11 1	
74
6294

15 11	13 14	9 12	8 10	4 3	2 1	5 16	7 6	
75
5729

8 7	10 9	6 5	4 16	3 2	11 1	15 12	13 14	
76
5306

16 5	6 7	2 1	3 4	14 13	15 11	12 9	10 8	
77
6330

6 5	16 4	9 10	7 8	13 14	15 12	1 11	3 2	
78
5779

7 8	10 9	5 6	16 4	2 3	1 12	11 15	14 13	
79
6151

9 10	8 7	5 6	16 4	3 2	1 11	12 15	13 14	
80
6599

7 8	10 9	6 5	4 16	12 15	14 13	1 11	2 3	
81
5814

10 9	8 7	5 6	16 4	12 15	14 13	11 1	3 2	
82
5980

10 9	8 7	5 6	16 4	15 11	13 14	1 12	3 2	
83
6050

4 3	1 2	7 6	16 5	12 9	8 10	13 14	11 15	
84
6556

3 4	1 2	6 7	5 16	15 11	13 14	8 10	9 12	
85
5688

5 16	7 6	3 4	2 1	15 11	14 13	8 10	12 9	
86
5838

14 13	15 11	2 3	12 1	7 8	10 9	6 5	4 16	
87
6166

14 13	15 11	9 12	8 10	7 6	5 16	1 2	3 4	
88
6342

13 14	12 15	11 1	2 3	7 8	10 9	6 5	4 16	
89
5868

1 11	3 2	14 13	12 15	7 8	10 9	5 6	4 16	
90
6248

15 11	13 14	2 3	1 12	6 5	16 4	9 10	7 8	
91
6369

4 16	5 6	7 8	10 9	11 1	3 2	13 14	12 15	
92
5495

4 16	5 6	8 7	9 10	12 15	13 14	1 11	3 2	
93
6594

8 10	12 9	11 15	13 14	16 5	6 7	1 2	3 4	
94
6614

12 9	8 10	14 13	11 15	7 6	16 5	4 3	2 1	
95
4978

11 15	14 13	1 12	3 2	4 16	5 6	10 9	8 7	
96
5378

3 2	12 1	13 14	15 11	7 8	9 10	4 16	5 6	
97
6376

9 10	7 8	6 5	16 4	2 3	11 1	14 13	12 15	
98
5747

6 5	16 4	9 10	8 7	3 2	12 1	15 11	14 13	
99
5871


./CPP_Code/Graph1.txt	no. of cores= 16	no. of cuts 100
12 9	8 10	13 14	11 15	7 6	16 5	1 2	4 3	
0
4189.000000

12 9	8 10	13 14	11 15	7 6	16 5	1 2	4 3	
1
4189.000000

14 13	15 11	9 12	10 8	2 1	3 4	6 7	5 16	
2
4189.000000

5 6	4 16	7 8	9 10	3 2	11 1	13 14	12 15	
3
4199.000000

5 6	16 4	7 8	9 10	2 3	1 11	13 14	12 15	
4
4502.000000

5 6	16 4	7 8	9 10	2 3	1 11	13 14	12 15	
5
4502.000000

5 6	16 4	7 8	9 10	14 13	15 12	3 2	11 1	
6
4864.000000

8 7	10 9	6 5	16 4	15 11	14 13	2 3	1 12	
7
4231.000000

5 6	16 4	7 8	9 10	14 13	15 12	3 2	11 1	
8
4864.000000

8 7	10 9	6 5	16 4	14 13	15 12	2 3	1 11	
9
4199.000000

3 4	2 1	5 16	6 7	15 11	14 13	10 8	9 12	
10
4189.000000

5 6	16 4	7 8	9 10	2 3	1 12	13 14	11 15	
11
4502.000000

8 7	10 9	6 5	4 16	15 12	14 13	3 2	11 1	
12
4502.000000

8 7	10 9	6 5	4 16	15 11	14 13	3 2	12 1	
13
4502.000000

5 6	16 4	7 8	9 10	14 13	15 12	3 2	11 1	
14
4864.000000

5 6	4 16	7 8	9 10	3 2	11 1	13 14	12 15	
15
4199.000000

5 6	4 16	7 8	9 10	3 2	11 1	13 14	12 15	
16
4199.000000

8 7	10 9	6 5	16 4	15 11	14 13	2 3	1 12	
17
4231.000000

5 6	4 16	7 8	9 10	3 2	12 1	11 15	13 14	
18
4231.000000

5 6	16 4	7 8	9 10	14 13	15 12	3 2	11 1	
19
4864.000000

8 7	10 9	6 5	16 4	15 11	14 13	2 3	1 12	
20
4231.000000

5 6	16 4	7 8	9 10	14 13	15 12	3 2	11 1	
21
4864.000000

8 7	10 9	6 5	16 4	14 13	15 12	2 3	1 11	
22
4199.000000

3 4	2 1	5 16	6 7	15 11	14 13	10 8	9 12	
23
4189.000000

5 6	16 4	7 8	9 10	2 3	1 12	13 14	11 15	
24
4502.000000

8 7	10 9	6 5	4 16	15 12	14 13	3 2	11 1	
25
4502.000000

8 7	10 9	6 5	4 16	14 13	15 11	3 2	12 1	
26
4502.000000

12 9	8 10	11 15	13 14	7 6	16 5	1 2	4 3	
27
4189.000000

3 4	2 1	5 16	6 7	14 13	15 11	10 8	9 12	
28
4189.000000

12 9	8 10	13 14	11 15	7 6	16 5	1 2	4 3	
29
4189.000000

16 5	7 6	4 3	1 2	8 10	12 9	13 14	11 15	
30
4189.000000

3 4	2 1	5 16	6 7	14 13	15 11	10 8	9 12	
31
4189.000000

3 4	2 1	5 16	6 7	15 11	14 13	10 8	9 12	
32
4189.000000

5 6	4 16	7 8	9 10	3 2	12 1	11 15	13 14	
33
4231.000000

5 6	16 4	7 8	9 10	14 13	15 11	3 2	12 1	
34
4864.000000

15 11	14 13	9 12	10 8	2 1	3 4	6 7	5 16	
35
4189.000000

8 7	10 9	6 5	16 4	14 13	15 11	2 3	1 12	
36
4231.000000

15 11	14 13	9 12	10 8	2 1	3 4	6 7	5 16	
37
4189.000000

8 7	10 9	6 5	4 16	15 11	14 13	3 2	12 1	
38
4502.000000

5 6	16 4	7 8	9 10	2 3	1 11	13 14	12 15	
39
4502.000000

8 7	10 9	6 5	16 4	14 13	15 12	2 3	1 11	
40
4199.000000

3 4	2 1	5 16	6 7	14 13	15 11	10 8	9 12	
41
4189.000000

5 6	4 16	7 8	9 10	3 2	11 1	12 15	13 14	
42
4199.000000

8 7	10 9	6 5	16 4	14 13	15 12	2 3	1 11	
43
4199.000000

15 11	14 13	1 12	2 3	10 9	8 7	16 4	6 5	
44
4231.000000

5 6	16 4	7 8	9 10	2 3	1 11	13 14	12 15	
45
4502.000000

3 4	2 1	5 16	6 7	15 11	14 13	10 8	9 12	
46
4189.000000

5 6	16 4	7 8	9 10	2 3	1 12	11 15	13 14	
47
4502.000000

3 4	2 1	5 16	6 7	15 11	14 13	10 8	9 12	
48
4189.000000

5 6	16 4	7 8	9 10	15 11	14 13	3 2	12 1	
49
4864.000000

5 6	4 16	7 8	9 10	3 2	12 1	13 14	11 15	
50
4231.000000

12 9	8 10	11 15	13 14	7 6	16 5	1 2	4 3	
51
4189.000000

12 1	3 2	13 14	11 15	4 16	5 6	9 10	7 8	
52
4231.000000

15 11	14 13	1 12	2 3	10 9	8 7	16 4	6 5	
53
4231.000000

16 5	7 6	4 3	1 2	8 10	12 9	11 15	13 14	
54
4189.000000

16 5	7 6	4 3	1 2	8 10	12 9	13 14	11 15	
55
4189.000000

5 6	4 16	7 8	9 10	3 2	12 1	11 15	13 14	
56
4231.000000

5 6	16 4	7 8	9 10	15 11	14 13	3 2	12 1	
57
4864.000000

12 9	8 10	11 15	13 14	7 6	16 5	1 2	4 3	
58
4189.000000

12 9	8 10	11 15	13 14	7 6	16 5	1 2	4 3	
59
4189.000000

12 1	3 2	11 15	13 14	4 16	5 6	9 10	7 8	
60
4231.000000

16 5	7 6	4 3	1 2	8 10	12 9	13 14	11 15	
61
4189.000000

16 5	7 6	4 3	1 2	8 10	12 9	13 14	11 15	
62
4189.000000

5 6	4 16	7 8	9 10	3 2	12 1	13 14	11 15	
63
4231.000000

5 6	16 4	7 8	9 10	14 13	15 12	3 2	11 1	
64
4864.000000

12 9	8 10	11 15	13 14	7 6	16 5	1 2	4 3	
65
4189.000000

11 1	3 2	12 15	13 14	4 16	5 6	9 10	7 8	
66
4199.000000

12 9	8 10	11 15	13 14	7 6	16 5	1 2	4 3	
67
4189.000000

11 1	3 2	12 15	13 14	4 16	5 6	9 10	7 8	
68
4199.000000

12 1	3 2	11 15	13 14	4 16	5 6	9 10	7 8	
69
4231.000000

8 7	10 9	6 5	4 16	15 11	14 13	3 2	12 1	
70
4502.000000

5 6	16 4	7 8	9 10	2 3	1 12	11 15	13 14	
71
4502.000000

15 11	14 13	9 12	10 8	2 1	3 4	6 7	5 16	
72
4189.000000

8 7	10 9	6 5	16 4	15 11	14 13	2 3	1 12	
73
4231.000000

5 6	4 16	7 8	9 10	3 2	11 1	13 14	12 15	
74
4199.000000

15 11	14 13	9 12	10 8	2 1	3 4	6 7	5 16	
75
4189.000000

8 7	10 9	6 5	16 4	14 13	15 12	2 3	1 11	
76
4199.000000

3 4	2 1	5 16	6 7	15 11	14 13	10 8	9 12	
77
4189.000000

5 6	4 16	7 8	9 10	3 2	11 1	12 15	13 14	
78
4199.000000

5 6	16 4	7 8	9 10	2 3	1 12	11 15	13 14	
79
4502.000000

5 6	16 4	7 8	9 10	2 3	1 11	13 14	12 15	
80
4502.000000

8 7	10 9	6 5	4 16	14 13	15 12	3 2	11 1	
81
4502.000000

8 7	10 9	6 5	4 16	14 13	15 12	3 2	11 1	
82
4502.000000

8 7	10 9	6 5	4 16	14 13	15 11	3 2	12 1	
83
4502.000000

3 4	2 1	5 16	6 7	15 11	14 13	10 8	9 12	
84
4189.000000

3 4	2 1	5 16	6 7	15 11	14 13	10 8	9 12	
85
4189.000000

16 5	7 6	4 3	1 2	8 10	12 9	11 15	13 14	
86
4189.000000

15 11	14 13	1 12	2 3	10 9	8 7	16 4	6 5	
87
4231.000000

12 9	8 10	13 14	11 15	7 6	16 5	1 2	4 3	
88
4189.000000

15 12	14 13	1 11	2 3	10 9	8 7	16 4	6 5	
89
4199.000000

15 12	14 13	1 11	2 3	10 9	8 7	16 4	6 5	
90
4199.000000

12 1	3 2	13 14	11 15	4 16	5 6	9 10	7 8	
91
4231.000000

5 6	16 4	7 8	9 10	2 3	1 11	13 14	12 15	
92
4502.000000

5 6	4 16	7 8	9 10	3 2	11 1	12 15	13 14	
93
4199.000000

12 9	8 10	13 14	11 15	7 6	16 5	1 2	4 3	
94
4189.000000

12 9	8 10	13 14	11 15	7 6	16 5	1 2	4 3	
95
4189.000000

12 1	3 2	11 15	13 14	4 16	5 6	9 10	7 8	
96
4231.000000

1 12	2 3	11 15	13 14	16 4	5 6	9 10	7 8	
97
4502.000000

8 7	10 9	6 5	16 4	14 13	15 12	2 3	1 11	
98
4199.000000

5 6	16 4	7 8	9 10	2 3	1 12	11 15	13 14	
99
4502.000000



***** best cost=4189.000000
best =0	Execution Time: 0.073338
