

Graph1.txt


Best Cost = 2133.0
0	11
1	0
2	12
3	13
4	2
5	1
6	10
7	14
8	0
9	0
10	0
11	0
12	0
13	0
14	0
15	0


Graph1.txt


Best Cost = 2133.0
0	11
1	0
2	12
3	13
4	2
5	1
6	10
7	14
8	0
9	0
10	0
11	0
12	0
13	0
14	0
15	0


Graph1.txt


Best Cost = 2133.0
0	11
1	0
2	12
3	13
4	2
5	1
6	10
7	14
8	0
9	0
10	0
11	0
12	0
13	0
14	0
15	0


Graph1.txt


Best Cost = 2133.0
0	11
1	0
2	12
3	13
4	2
5	1
6	10
7	14
8	0
9	0
10	0
11	0
12	0
13	0
14	0
15	0


Graph1.txt


Best Cost = 2133.0
0	11
1	0
2	12
3	13
4	2
5	1
6	10
7	14
8	0
9	0
10	0
11	0
12	0
13	0
14	0
15	0


Graph1.txt


Best Cost = 2133.0
0	11
1	0
2	12
3	13
4	2
5	1
6	10
7	14
8	0
9	0
10	0
11	0
12	0
13	0
14	0
15	0


Graph1.txt


Best Cost = 2133.0
0	11
1	0
2	12
3	13
4	2
5	1
6	10
7	14
8	0
9	0
10	0
11	0
12	0
13	0
14	0
15	0


Graph1.txt


Best Cost = 4231.0
0	4
1	5
2	6
3	7
4	3
5	15
6	8
7	9
8	2
9	1
10	12
11	13
12	11
13	0
14	10
15	14


Graph1.txt


Best Cost = 0.0
0	0
1	0
2	0
3	0
4	0
5	0
6	0
7	0
8	0
9	0
10	0
11	0
12	0
13	0
14	0
15	0


Graph1.txt


Best Cost = 4231.0
0	4
1	5
2	6
3	7
4	3
5	15
6	8
7	9
8	2
9	1
10	12
11	13
12	11
13	0
14	10
15	14


Graph1.txt


Best Cost = 4231.0
0	4
1	5
2	6
3	7
4	3
5	15
6	8
7	9
8	2
9	1
10	12
11	13
12	11
13	0
14	10
15	14


Graph1.txt


Best Cost = 4231.0
0	4
1	5
2	6
3	7
4	3
5	15
6	8
7	9
8	2
9	1
10	12
11	13
12	11
13	0
14	10
15	14


Graph1.txt


Best Cost = 4231.0
0	4
1	5
2	6
3	7
4	3
5	15
6	8
7	9
8	2
9	1
10	12
11	13
12	11
13	0
14	10
15	14


Graph1.txt


Best Cost = 4231.0
0	4
1	5
2	6
3	7
4	3
5	15
6	8
7	9
8	2
9	1
10	12
11	13
12	11
13	0
14	10
15	14


Graph1.txt


Best Cost = 4231.0
0	4
1	5
2	6
3	7
4	3
5	15
6	8
7	9
8	2
9	1
10	12
11	13
12	11
13	0
14	10
15	14


Graph1.txt


Best Cost = 4231.0
0	4
1	5
2	6
3	7
4	3
5	15
6	8
7	9
8	2
9	1
10	12
11	13
12	11
13	0
14	10
15	14


Graph1.txt


Best Cost = 4231.0
0	4
1	5
2	6
3	7
4	3
5	15
6	8
7	9
8	2
9	1
10	12
11	13
12	11
13	0
14	10
15	14


Graph1.txt


Best Cost = 4231.0
0	4
1	5
2	6
3	7
4	3
5	15
6	8
7	9
8	2
9	1
10	12
11	13
12	11
13	0
14	10
15	14


Graph1.txt


Best Cost = 4231.0
0	4
1	5
2	6
3	7
4	3
5	15
6	8
7	9
8	2
9	1
10	12
11	13
12	11
13	0
14	10
15	14


Graph1.txt


Best Cost = 4231.0
0	4
1	5
2	6
3	7
4	3
5	15
6	8
7	9
8	2
9	1
10	12
11	13
12	11
13	0
14	10
15	14


Graph1.txt


Best Cost = 4231.0
0	4
1	5
2	6
3	7
4	3
5	15
6	8
7	9
8	2
9	1
10	12
11	13
12	11
13	0
14	10
15	14


Graph1.txt


Best Cost = 4231.0
0	4
1	5
2	6
3	7
4	3
5	15
6	8
7	9
8	2
9	1
10	12
11	13
12	11
13	0
14	10
15	14


Graph1.txt


Best Cost = 4231.0
0	4
1	5
2	6
3	7
4	3
5	15
6	8
7	9
8	2
9	1
10	12
11	13
12	11
13	0
14	10
15	14


Graph1.txt


Best Cost = 4231.0
0	4
1	5
2	6
3	7
4	3
5	15
6	8
7	9
8	2
9	1
10	12
11	13
12	11
13	0
14	10
15	14


Graph1.txt


Best Cost = 4231.0
0	4
1	5
2	6
3	7
4	3
5	15
6	8
7	9
8	2
9	1
10	12
11	13
12	11
13	0
14	10
15	14


Graph1.txt


Best Cost = 4231.0
0	4
1	5
2	6
3	7
4	3
5	15
6	8
7	9
8	2
9	1
10	12
11	13
12	11
13	0
14	10
15	14


Graph1.txt


Best Cost = 4231.0
0	4
1	5
2	6
3	7
4	3
5	15
6	8
7	9
8	2
9	1
10	12
11	13
12	11
13	0
14	10
15	14


Graph1.txt


Best Cost = 4231.0
0	4
1	5
2	6
3	7
4	3
5	15
6	8
7	9
8	2
9	1
10	12
11	13
12	11
13	0
14	10
15	14


Graph1.txt


Best Cost = 4231.0
0	4
1	5
2	6
3	7
4	3
5	15
6	8
7	9
8	2
9	1
10	12
11	13
12	11
13	0
14	10
15	14


Graph1.txt


Best Cost = 4231.0
0	4
1	5
2	6
3	7
4	3
5	15
6	8
7	9
8	2
9	1
10	12
11	13
12	11
13	0
14	10
15	14


Graph1.txt


Best Cost = 4231.0
0	4
1	5
2	6
3	7
4	3
5	15
6	8
7	9
8	2
9	1
10	12
11	13
12	11
13	0
14	10
15	14


Graph1.txt


Best Cost = 4231.0
0	4
1	5
2	6
3	7
4	3
5	15
6	8
7	9
8	2
9	1
10	12
11	13
12	11
13	0
14	10
15	14


Graph1.txt


Best Cost = 4231.0
0	4
1	5
2	6
3	7
4	3
5	15
6	8
7	9
8	2
9	1
10	12
11	13
12	11
13	0
14	10
15	14


Graph1.txt


Best Cost = 4231.0
0	4
1	5
2	6
3	7
4	3
5	15
6	8
7	9
8	2
9	1
10	12
11	13
12	11
13	0
14	10
15	14


Graph1.txt


Best Cost = 4231.0
0	4
1	5
2	6
3	7
4	3
5	15
6	8
7	9
8	2
9	1
10	12
11	13
12	11
13	0
14	10
15	14


Graph1.txt


Best Cost = 4231.0
0	4
1	5
2	6
3	7
4	3
5	15
6	8
7	9
8	2
9	1
10	12
11	13
12	11
13	0
14	10
15	14


Graph1.txt


Best Cost = 4231.0
0	4
1	5
2	6
3	7
4	3
5	15
6	8
7	9
8	2
9	1
10	12
11	13
12	11
13	0
14	10
15	14


Graph1.txt


Best Cost = 4231.0
0	4
1	5
2	6
3	7
4	3
5	15
6	8
7	9
8	2
9	1
10	12
11	13
12	11
13	0
14	10
15	14


Graph1.txt


Best Cost = 4231.0
0	4
1	5
2	6
3	7
4	3
5	15
6	8
7	9
8	2
9	1
10	12
11	13
12	11
13	0
14	10
15	14


Graph1.txt


Best Cost = 4231.0
0	4
1	5
2	6
3	7
4	3
5	15
6	8
7	9
8	2
9	1
10	12
11	13
12	11
13	0
14	10
15	14


Graph1.txt


Best Cost = 4231.0
0	4
1	5
2	6
3	7
4	3
5	15
6	8
7	9
8	2
9	1
10	12
11	13
12	11
13	0
14	10
15	14


Graph1.txt


Best Cost = 4231.0
0	4
1	5
2	6
3	7
4	3
5	15
6	8
7	9
8	2
9	1
10	12
11	13
12	11
13	0
14	10
15	14


Graph1.txt


Best Cost = 4231.0
0	4
1	5
2	6
3	7
4	3
5	15
6	8
7	9
8	2
9	1
10	12
11	13
12	11
13	0
14	10
15	14


Graph1.txt


Best Cost = 4231.0
0	4
1	5
2	6
3	7
4	3
5	15
6	8
7	9
8	2
9	1
10	12
11	13
12	11
13	0
14	10
15	14


Graph1.txt


Best Cost = 4231.0
0	4
1	5
2	6
3	7
4	3
5	15
6	8
7	9
8	2
9	1
10	12
11	13
12	11
13	0
14	10
15	14


Graph1.txt


Best Cost = 4231.0
0	4
1	5
2	6
3	7
4	3
5	15
6	8
7	9
8	2
9	1
10	12
11	13
12	11
13	0
14	10
15	14


myGraph.txt


Best Cost = 5.0
0	2
1	1
2	3
3	0


myGraph.txt


Best Cost = 5.0
0	2
1	1
2	3
3	0


myGraph.txt


Best Cost = 5.0
0	2
1	1
2	3
3	0


myGraph.txt


Best Cost = 5.0
0	2
1	1
2	3
3	0


myGraph.txt


Best Cost = 5.0
0	2
1	1
2	3
3	0


myGraph.txt


Best Cost = 5.0
0	2
1	1
2	3
3	0


myGraph.txt


Best Cost = 5.0
0	2
1	1
2	3
3	0


Graph1.txt


Best Cost = 4231.0
0	4
1	5
2	6
3	7
4	3
5	15
6	8
7	9
8	2
9	1
10	12
11	13
12	11
13	0
14	10
15	14


Graph1.txt


Best Cost = 4231.0
0	4
1	5
2	6
3	7
4	3
5	15
6	8
7	9
8	2
9	1
10	12
11	13
12	11
13	0
14	10
15	14


Graph1.txt


Best Cost = 4231.0
0	4
1	5
2	6
3	7
4	3
5	15
6	8
7	9
8	2
9	1
10	12
11	13
12	11
13	0
14	10
15	14


Graph1.txt


Best Cost = 4231.0
0	4
1	5
2	6
3	7
4	3
5	15
6	8
7	9
8	2
9	1
10	12
11	13
12	11
13	0
14	10
15	14


Graph1.txt


Best Cost = 4231.0
0	4
1	5
2	6
3	7
4	3
5	15
6	8
7	9
8	2
9	1
10	12
11	13
12	11
13	0
14	10
15	14


Graph1.txt


Best Cost = 4231.0
0	4
1	5
2	6
3	7
4	3
5	15
6	8
7	9
8	2
9	1
10	12
11	13
12	11
13	0
14	10
15	14


Graph1.txt


Best Cost = 4231.0
0	4
1	5
2	6
3	7
4	3
5	15
6	8
7	9
8	2
9	1
10	12
11	13
12	11
13	0
14	10
15	14


Graph2.txt


Best Cost = 5728.5
0	10
1	7
2	0
3	3
4	11
5	6
6	9
7	4
8	5
9	2
10	0
11	0
12	8
13	1
14	0
15	0


Graph2.txt


Best Cost = 5728.5
0	10
1	7
2	0
3	3
4	11
5	6
6	9
7	4
8	5
9	2
10	0
11	0
12	8
13	1
14	0
15	0


Graph3.txt


Best Cost = 640.0
0	7
1	6
2	3
3	2
4	4
5	5
6	0
7	1


Graph3.txt


Best Cost = 640.0
0	7
1	6
2	3
3	2
4	4
5	5
6	0
7	1


Graph3.txt


Best Cost = 640.0
0	7
1	6
2	3
3	2
4	4
5	5
6	0
7	1


Graph1.txt


Best Cost = 4231.0
0	4
1	5
2	6
3	7
4	3
5	15
6	8
7	9
8	2
9	1
10	12
11	13
12	11
13	0
14	10
15	14


Graph1.txt


Best Cost = 4231.0
0	4
1	5
2	6
3	7
4	3
5	15
6	8
7	9
8	2
9	1
10	12
11	13
12	11
13	0
14	10
15	14


Graph1.txt


Best Cost = 4231.0
0	4
1	5
2	6
3	7
4	3
5	15
6	8
7	9
8	2
9	1
10	12
11	13
12	11
13	0
14	10
15	14


Graph2.txt


Best Cost = 5728.5
0	10
1	7
2	0
3	3
4	11
5	6
6	9
7	4
8	5
9	2
10	0
11	0
12	8
13	1
14	0
15	0


Graph3.txt


Best Cost = 640.0
0	7
1	6
2	3
3	2
4	4
5	5
6	0
7	1


Graph4.txt


Best Cost = 17316.0
0	11
1	12
2	13
3	23
4	0
5	0
6	0
7	0
8	20
9	21
10	22
11	24
12	0
13	0
14	0
15	0
16	19
17	18
18	29
19	0
20	0
21	0
22	0
23	0
24	16
25	17
26	15
27	30
28	0
29	0
30	0
31	0


Graph5.txt


Best Cost = 179.07568
0	4
1	3
2	0
3	11
4	6
5	1
6	10
7	2
8	7
9	5
10	0
11	0
12	8
13	9
14	0
15	0


Graph6.txt


Best Cost = 3104.0
0	5
1	6
2	11
3	10
4	1
5	2
6	9
7	8
8	0
9	0
10	3
11	7
12	0
13	0
14	4
15	0


Graph7.txt


Best Cost = 1289.503
0	6
1	2
2	1
3	4
4	11
5	3
6	0
7	5
8	10
9	9
10	0
11	0
12	8
13	7
14	0
15	0


Graph8.txt


Best Cost = 3609.0
0	15
1	4
2	3
3	2
4	6
5	5
6	0
7	1
8	7
9	9
10	12
11	13
12	8
13	11
14	10
15	14


Graph9.txt


Best Cost = 20.462000000000003
0	10
1	9
2	0
3	1
4	8
5	7
6	4
7	2
8	15
9	14
10	6
11	5
12	11
13	12
14	13
15	3


Graph10.txt


Best Cost = 525.061
0	3
1	0
2	1
3	2
4	5
5	6
6	13
7	4
8	11
9	12
10	10
11	9
12	15
13	14
14	7
15	8


Graph1.txt


Best Cost = 4231.0
0	4
1	5
2	6
3	7
4	3
5	15
6	8
7	9
8	2
9	1
10	12
11	13
12	11
13	0
14	10
15	14


Graph2.txt


Best Cost = 5728.5
0	10
1	7
2	0
3	3
4	11
5	6
6	9
7	4
8	5
9	2
10	0
11	0
12	8
13	1
14	0
15	0


Graph3.txt


Best Cost = 640.0
0	7
1	6
2	3
3	2
4	4
5	5
6	0
7	1


Graph1.txt


Best Cost = 4231.0
0	4
1	5
2	6
3	7
4	3
5	15
6	8
7	9
8	2
9	1
10	12
11	13
12	11
13	0
14	10
15	14


Graph2.txt


Best Cost = 5728.5
0	10
1	7
2	0
3	3
4	11
5	6
6	9
7	4
8	5
9	2
10	0
11	0
12	8
13	1
14	0
15	0


Graph1.txt


Best Cost = 4231.0
0	4
1	5
2	6
3	7
4	3
5	15
6	8
7	9
8	2
9	1
10	12
11	13
12	11
13	0
14	10
15	14


Graph2.txt


Best Cost = 5728.5
0	10
1	7
2	0
3	3
4	11
5	6
6	9
7	4
8	5
9	2
10	0
11	0
12	8
13	1
14	0
15	0


Graph3.txt


Best Cost = 640.0
0	7
1	6
2	3
3	2
4	4
5	5
6	0
7	1


Graph4.txt


Best Cost = 17316.0
0	11
1	12
2	13
3	23
4	0
5	0
6	0
7	0
8	20
9	21
10	22
11	24
12	0
13	0
14	0
15	0
16	19
17	18
18	29
19	0
20	0
21	0
22	0
23	0
24	16
25	17
26	15
27	30
28	0
29	0
30	0
31	0


Graph5.txt


Best Cost = 179.07568
0	4
1	3
2	0
3	11
4	6
5	1
6	10
7	2
8	7
9	5
10	0
11	0
12	8
13	9
14	0
15	0


Graph6.txt


Best Cost = 3104.0
0	5
1	6
2	11
3	10
4	1
5	2
6	9
7	8
8	0
9	0
10	3
11	7
12	0
13	0
14	4
15	0


Graph7.txt


Best Cost = 1289.503
0	6
1	2
2	1
3	4
4	11
5	3
6	0
7	5
8	10
9	9
10	0
11	0
12	8
13	7
14	0
15	0


Graph8.txt


Best Cost = 3609.0
0	15
1	4
2	3
3	2
4	6
5	5
6	0
7	1
8	7
9	9
10	12
11	13
12	8
13	11
14	10
15	14


Graph9.txt


Best Cost = 20.462000000000003
0	10
1	9
2	0
3	1
4	8
5	7
6	4
7	2
8	15
9	14
10	6
11	5
12	11
13	12
14	13
15	3


Graph10.txt


Best Cost = 525.061
0	3
1	0
2	1
3	2
4	5
5	6
6	13
7	4
8	11
9	12
10	10
11	9
12	15
13	14
14	7
15	8


Graph12.txt


Best Cost = 416.0
0	0
1	0
2	0
3	0
4	0
5	0
6	0
7	0
8	0
9	0
10	0
11	0
12	0
13	0
14	0
15	0
16	9
17	8
18	1
19	0
20	0
21	0
22	0
23	0
24	6
25	7
26	2
27	3
28	0
29	0
30	0
31	0


Graph13.txt


Best Cost = 220.0
0	26
1	27
2	3
3	2
4	0
5	0
6	0
7	0
8	23
9	22
10	0
11	1
12	0
13	0
14	0
15	0
16	8
17	6
18	29
19	28
20	0
21	0
22	0
23	0
24	9
25	7
26	5
27	4
28	0
29	0
30	0
31	0


Graph14.txt


Best Cost = 107000.0
0	6
1	1
2	0
3	0
4	5
5	4
6	0
7	0
8	11
9	10
10	0
11	2
12	9
13	8
14	3
15	7


Graph15.txt


Best Cost = 88080.33
0	8
1	7
2	9
3	10
4	5
5	6
6	12
7	11
8	0
9	0
10	4
11	3
12	0
13	0
14	1
15	2


Graph1.txt


Best Cost = 4231.0
0	4
1	5
2	6
3	7
4	3
5	15
6	8
7	9
8	2
9	1
10	12
11	13
12	11
13	0
14	10
15	14


Graph2.txt


Best Cost = 5728.5
0	10
1	7
2	0
3	3
4	11
5	6
6	9
7	4
8	5
9	2
10	0
11	0
12	8
13	1
14	0
15	0


Graph3.txt


Best Cost = 640.0
0	7
1	6
2	3
3	2
4	4
5	5
6	0
7	1


Graph4.txt


Best Cost = 17316.0
0	11
1	12
2	13
3	23
4	0
5	0
6	0
7	0
8	20
9	21
10	22
11	24
12	0
13	0
14	0
15	0
16	19
17	18
18	29
19	0
20	0
21	0
22	0
23	0
24	16
25	17
26	15
27	30
28	0
29	0
30	0
31	0


Graph5.txt


Best Cost = 179.07568
0	4
1	3
2	0
3	11
4	6
5	1
6	10
7	2
8	7
9	5
10	0
11	0
12	8
13	9
14	0
15	0


Graph6.txt


Best Cost = 3104.0
0	5
1	6
2	11
3	10
4	1
5	2
6	9
7	8
8	0
9	0
10	3
11	7
12	0
13	0
14	4
15	0


Graph7.txt


Best Cost = 1289.503
0	6
1	2
2	1
3	4
4	11
5	3
6	0
7	5
8	10
9	9
10	0
11	0
12	8
13	7
14	0
15	0


Graph8.txt


Best Cost = 3609.0
0	15
1	4
2	3
3	2
4	6
5	5
6	0
7	1
8	7
9	9
10	12
11	13
12	8
13	11
14	10
15	14


Graph9.txt


Best Cost = 20.462000000000003
0	10
1	9
2	0
3	1
4	8
5	7
6	4
7	2
8	15
9	14
10	6
11	5
12	11
13	12
14	13
15	3


Graph10.txt


Best Cost = 525.061
0	3
1	0
2	1
3	2
4	5
5	6
6	13
7	4
8	11
9	12
10	10
11	9
12	15
13	14
14	7
15	8


Graph12.txt


Best Cost = 416.0
0	0
1	0
2	0
3	0
4	0
5	0
6	0
7	0
8	0
9	0
10	0
11	0
12	0
13	0
14	0
15	0
16	9
17	8
18	1
19	0
20	0
21	0
22	0
23	0
24	6
25	7
26	2
27	3
28	0
29	0
30	0
31	0


Graph13.txt


Best Cost = 220.0
0	26
1	27
2	3
3	2
4	0
5	0
6	0
7	0
8	23
9	22
10	0
11	1
12	0
13	0
14	0
15	0
16	8
17	6
18	29
19	28
20	0
21	0
22	0
23	0
24	9
25	7
26	5
27	4
28	0
29	0
30	0
31	0


Graph14.txt


Best Cost = 107000.0
0	6
1	1
2	0
3	0
4	5
5	4
6	0
7	0
8	11
9	10
10	0
11	2
12	9
13	8
14	3
15	7


Graph15.txt


Best Cost = 88080.33
0	8
1	7
2	9
3	10
4	5
5	6
6	12
7	11
8	0
9	0
10	4
11	3
12	0
13	0
14	1
15	2


Graph17.txt


Best Cost = 20829.534399999968
0	47
1	34
2	20
3	19
4	0
5	0
6	0
7	0
8	54
9	48
10	25
11	24
12	0
13	0
14	0
15	0
16	46
17	39
18	36
19	38
20	0
21	0
22	0
23	0
24	52
25	30
26	63
27	12
28	0
29	0
30	0
31	0
32	0
33	0
34	0
35	0
36	0
37	0
38	0
39	0
40	0
41	0
42	0
43	0
44	0
45	0
46	0
47	0
48	0
49	0
50	0
51	0
52	0
53	0
54	0
55	0
56	0
57	0
58	0
59	0
60	0
61	0
62	0
63	0


Graph18.txt


Best Cost = 239052.41599999985
0	22
1	17
2	23
3	16
4	0
5	0
6	0
7	0
8	15
9	20
10	57
11	60
12	0
13	0
14	0
15	0
16	13
17	14
18	29
19	32
20	0
21	0
22	0
23	0
24	30
25	27
26	21
27	25
28	0
29	0
30	0
31	0
32	0
33	0
34	0
35	0
36	0
37	0
38	0
39	0
40	0
41	0
42	0
43	0
44	0
45	0
46	0
47	0
48	0
49	0
50	0
51	0
52	0
53	0
54	0
55	0
56	0
57	0
58	0
59	0
60	0
61	0
62	0
63	0


Graph19.txt


Best Cost = 120613.13600000004
0	27
1	8
2	63
3	42
4	0
5	0
6	0
7	0
8	17
9	11
10	4
11	41
12	0
13	0
14	0
15	0
16	13
17	10
18	2
19	7
20	0
21	0
22	0
23	0
24	3
25	6
26	0
27	1
28	0
29	0
30	0
31	0
32	0
33	0
34	0
35	0
36	0
37	0
38	0
39	0
40	0
41	0
42	0
43	0
44	0
45	0
46	0
47	0
48	0
49	0
50	0
51	0
52	0
53	0
54	0
55	0
56	0
57	0
58	0
59	0
60	0
61	0
62	0
63	0


Graph20.txt


Best Cost = 243978.94399999984
0	36
1	32
2	9
3	10
4	0
5	0
6	0
7	0
8	31
9	29
10	27
11	34
12	0
13	0
14	0
15	0
16	28
17	25
18	23
19	26
20	0
21	0
22	0
23	0
24	45
25	59
26	14
27	30
28	0
29	0
30	0
31	0
32	0
33	0
34	0
35	0
36	0
37	0
38	0
39	0
40	0
41	0
42	0
43	0
44	0
45	0
46	0
47	0
48	0
49	0
50	0
51	0
52	0
53	0
54	0
55	0
56	0
57	0
58	0
59	0
60	0
61	0
62	0
63	0


Graph21.txt


Best Cost = 62402.8832000006
0	38
1	48
2	50
3	62
4	0
5	0
6	0
7	0
8	14
9	37
10	49
11	57
12	0
13	0
14	0
15	0
16	29
17	13
18	16
19	35
20	0
21	0
22	0
23	0
24	15
25	61
26	41
27	55
28	0
29	0
30	0
31	0
32	0
33	0
34	0
35	0
36	0
37	0
38	0
39	0
40	0
41	0
42	0
43	0
44	0
45	0
46	0
47	0
48	0
49	0
50	0
51	0
52	0
53	0
54	0
55	0
56	0
57	0
58	0
59	0
60	0
61	0
62	0
63	0


Graph22.txt


Best Cost = 70130.24639999999
0	35
1	60
2	0
3	54
4	0
5	0
6	0
7	0
8	52
9	51
10	28
11	53
12	0
13	0
14	0
15	0
16	62
17	50
18	41
19	55
20	0
21	0
22	0
23	0
24	48
25	37
26	14
27	38
28	0
29	0
30	0
31	0
32	0
33	0
34	0
35	0
36	0
37	0
38	0
39	0
40	0
41	0
42	0
43	0
44	0
45	0
46	0
47	0
48	0
49	0
50	0
51	0
52	0
53	0
54	0
55	0
56	0
57	0
58	0
59	0
60	0
61	0
62	0
63	0


Graph23.txt


Best Cost = 30232.10400000003
0	23
1	4
2	2
3	61
4	0
5	0
6	0
7	0
8	62
9	22
10	51
11	10
12	0
13	0
14	0
15	0
16	44
17	31
18	60
19	58
20	0
21	0
22	0
23	0
24	56
25	45
26	53
27	57
28	0
29	0
30	0
31	0
32	0
33	0
34	0
35	0
36	0
37	0
38	0
39	0
40	0
41	0
42	0
43	0
44	0
45	0
46	0
47	0
48	0
49	0
50	0
51	0
52	0
53	0
54	0
55	0
56	0
57	0
58	0
59	0
60	0
61	0
62	0
63	0


Graph25.txt


Best Cost = 126639.16799999912
0	41
1	54
2	90
3	61
4	0
5	0
6	0
7	0
8	0
9	0
10	0
11	0
12	0
13	0
14	0
15	0
16	58
17	55
18	57
19	101
20	0
21	0
22	0
23	0
24	0
25	0
26	0
27	0
28	0
29	0
30	0
31	0
32	96
33	94
34	59
35	113
36	0
37	0
38	0
39	0
40	0
41	0
42	0
43	0
44	0
45	0
46	0
47	0
48	50
49	105
50	102
51	114
52	0
53	0
54	0
55	0
56	0
57	0
58	0
59	0
60	0
61	0
62	0
63	0
64	0
65	0
66	0
67	0
68	0
69	0
70	0
71	0
72	0
73	0
74	0
75	0
76	0
77	0
78	0
79	0
80	0
81	0
82	0
83	0
84	0
85	0
86	0
87	0
88	0
89	0
90	0
91	0
92	0
93	0
94	0
95	0
96	0
97	0
98	0
99	0
100	0
101	0
102	0
103	0
104	0
105	0
106	0
107	0
108	0
109	0
110	0
111	0
112	0
113	0
114	0
115	0
116	0
117	0
118	0
119	0
120	0
121	0
122	0
123	0
124	0
125	0
126	0
127	0


Graph26.txt


Best Cost = 90241.28000000036
0	56
1	45
2	31
3	22
4	0
5	0
6	0
7	0
8	0
9	0
10	0
11	0
12	0
13	0
14	0
15	0
16	76
17	117
18	23
19	4
20	0
21	0
22	0
23	0
24	0
25	0
26	0
27	0
28	0
29	0
30	0
31	0
32	104
33	118
34	119
35	94
36	0
37	0
38	0
39	0
40	0
41	0
42	0
43	0
44	0
45	0
46	0
47	0
48	90
49	92
50	50
51	91
52	0
53	0
54	0
55	0
56	0
57	0
58	0
59	0
60	0
61	0
62	0
63	0
64	0
65	0
66	0
67	0
68	0
69	0
70	0
71	0
72	0
73	0
74	0
75	0
76	0
77	0
78	0
79	0
80	0
81	0
82	0
83	0
84	0
85	0
86	0
87	0
88	0
89	0
90	0
91	0
92	0
93	0
94	0
95	0
96	0
97	0
98	0
99	0
100	0
101	0
102	0
103	0
104	0
105	0
106	0
107	0
108	0
109	0
110	0
111	0
112	0
113	0
114	0
115	0
116	0
117	0
118	0
119	0
120	0
121	0
122	0
123	0
124	0
125	0
126	0
127	0


Graph27.txt


Best Cost = 470216.12159999716
0	95
1	36
2	99
3	61
4	0
5	0
6	0
7	0
8	0
9	0
10	0
11	0
12	0
13	0
14	0
15	0
16	94
17	64
18	15
19	29
20	0
21	0
22	0
23	0
24	0
25	0
26	0
27	0
28	0
29	0
30	0
31	0
32	33
33	24
34	34
35	63
36	0
37	0
38	0
39	0
40	0
41	0
42	0
43	0
44	0
45	0
46	0
47	0
48	43
49	11
50	1
51	3
52	0
53	0
54	0
55	0
56	0
57	0
58	0
59	0
60	0
61	0
62	0
63	0
64	0
65	0
66	0
67	0
68	0
69	0
70	0
71	0
72	0
73	0
74	0
75	0
76	0
77	0
78	0
79	0
80	0
81	0
82	0
83	0
84	0
85	0
86	0
87	0
88	0
89	0
90	0
91	0
92	0
93	0
94	0
95	0
96	0
97	0
98	0
99	0
100	0
101	0
102	0
103	0
104	0
105	0
106	0
107	0
108	0
109	0
110	0
111	0
112	0
113	0
114	0
115	0
116	0
117	0
118	0
119	0
120	0
121	0
122	0
123	0
124	0
125	0
126	0
127	0


Graph28.txt


Best Cost = 296227.5200000002
0	82
1	61
2	83
3	110
4	0
5	0
6	0
7	0
8	0
9	0
10	0
11	0
12	0
13	0
14	0
15	0
16	36
17	39
18	111
19	115
20	0
21	0
22	0
23	0
24	0
25	0
26	0
27	0
28	0
29	0
30	0
31	0
32	112
33	116
34	74
35	100
36	0
37	0
38	0
39	0
40	0
41	0
42	0
43	0
44	0
45	0
46	0
47	0
48	73
49	62
50	22
51	31
52	0
53	0
54	0
55	0
56	0
57	0
58	0
59	0
60	0
61	0
62	0
63	0
64	0
65	0
66	0
67	0
68	0
69	0
70	0
71	0
72	0
73	0
74	0
75	0
76	0
77	0
78	0
79	0
80	0
81	0
82	0
83	0
84	0
85	0
86	0
87	0
88	0
89	0
90	0
91	0
92	0
93	0
94	0
95	0
96	0
97	0
98	0
99	0
100	0
101	0
102	0
103	0
104	0
105	0
106	0
107	0
108	0
109	0
110	0
111	0
112	0
113	0
114	0
115	0
116	0
117	0
118	0
119	0
120	0
121	0
122	0
123	0
124	0
125	0
126	0
127	0


Graph29.txt


Best Cost = 399752.19200000045
0	18
1	108
2	40
3	99
4	0
5	0
6	0
7	0
8	0
9	0
10	0
11	0
12	0
13	0
14	0
15	0
16	86
17	114
18	55
19	73
20	0
21	0
22	0
23	0
24	0
25	0
26	0
27	0
28	0
29	0
30	0
31	0
32	77
33	30
34	25
35	125
36	0
37	0
38	0
39	0
40	0
41	0
42	0
43	0
44	0
45	0
46	0
47	0
48	27
49	23
50	26
51	28
52	0
53	0
54	0
55	0
56	0
57	0
58	0
59	0
60	0
61	0
62	0
63	0
64	0
65	0
66	0
67	0
68	0
69	0
70	0
71	0
72	0
73	0
74	0
75	0
76	0
77	0
78	0
79	0
80	0
81	0
82	0
83	0
84	0
85	0
86	0
87	0
88	0
89	0
90	0
91	0
92	0
93	0
94	0
95	0
96	0
97	0
98	0
99	0
100	0
101	0
102	0
103	0
104	0
105	0
106	0
107	0
108	0
109	0
110	0
111	0
112	0
113	0
114	0
115	0
116	0
117	0
118	0
119	0
120	0
121	0
122	0
123	0
124	0
125	0
126	0
127	0


Graph30.txt


Best Cost = 837306.3680000001
0	98
1	92
2	52
3	91
4	0
5	0
6	0
7	0
8	0
9	0
10	0
11	0
12	0
13	0
14	0
15	0
16	63
17	53
18	89
19	88
20	0
21	0
22	0
23	0
24	0
25	0
26	0
27	0
28	0
29	0
30	0
31	0
32	65
33	62
34	82
35	84
36	0
37	0
38	0
39	0
40	0
41	0
42	0
43	0
44	0
45	0
46	0
47	0
48	97
49	66
50	83
51	99
52	0
53	0
54	0
55	0
56	0
57	0
58	0
59	0
60	0
61	0
62	0
63	0
64	0
65	0
66	0
67	0
68	0
69	0
70	0
71	0
72	0
73	0
74	0
75	0
76	0
77	0
78	0
79	0
80	0
81	0
82	0
83	0
84	0
85	0
86	0
87	0
88	0
89	0
90	0
91	0
92	0
93	0
94	0
95	0
96	0
97	0
98	0
99	0
100	0
101	0
102	0
103	0
104	0
105	0
106	0
107	0
108	0
109	0
110	0
111	0
112	0
113	0
114	0
115	0
116	0
117	0
118	0
119	0
120	0
121	0
122	0
123	0
124	0
125	0
126	0
127	0


Graph1.txt


Best Cost = 4231.0
0	4
1	5
2	6
3	7
4	3
5	15
6	8
7	9
8	2
9	1
10	12
11	13
12	11
13	0
14	10
15	14


Graph2.txt


Best Cost = 5728.5
0	10
1	7
2	0
3	3
4	11
5	6
6	9
7	4
8	5
9	2
10	0
11	0
12	8
13	1
14	0
15	0


Graph3.txt


Best Cost = 640.0
0	7
1	6
2	3
3	2
4	4
5	5
6	0
7	1


Graph1.txt


Best Cost = 4231.0
0	4
1	5
2	6
3	7
4	3
5	15
6	8
7	9
8	2
9	1
10	12
11	13
12	11
13	0
14	10
15	14


Graph2.txt


Best Cost = 5728.5
0	10
1	7
2	0
3	3
4	11
5	6
6	9
7	4
8	5
9	2
10	0
11	0
12	8
13	1
14	0
15	0


Graph3.txt


Best Cost = 640.0
0	7
1	6
2	3
3	2
4	4
5	5
6	0
7	1


Graph4.txt


Best Cost = 17316.0
0	11
1	12
2	13
3	23
4	0
5	0
6	0
7	0
8	20
9	21
10	22
11	24
12	0
13	0
14	0
15	0
16	19
17	18
18	29
19	0
20	0
21	0
22	0
23	0
24	16
25	17
26	15
27	30
28	0
29	0
30	0
31	0


Graph5.txt


Best Cost = 179.07568
0	4
1	3
2	0
3	11
4	6
5	1
6	10
7	2
8	7
9	5
10	0
11	0
12	8
13	9
14	0
15	0


Graph6.txt


Best Cost = 3104.0
0	5
1	6
2	11
3	10
4	1
5	2
6	9
7	8
8	0
9	0
10	3
11	7
12	0
13	0
14	4
15	0


Graph7.txt


Best Cost = 1289.503
0	6
1	2
2	1
3	4
4	11
5	3
6	0
7	5
8	10
9	9
10	0
11	0
12	8
13	7
14	0
15	0


Graph8.txt


Best Cost = 3609.0
0	15
1	4
2	3
3	2
4	6
5	5
6	0
7	1
8	7
9	9
10	12
11	13
12	8
13	11
14	10
15	14


Graph9.txt


Best Cost = 20.462000000000003
0	10
1	9
2	0
3	1
4	8
5	7
6	4
7	2
8	15
9	14
10	6
11	5
12	11
13	12
14	13
15	3


Graph10.txt


Best Cost = 525.061
0	3
1	0
2	1
3	2
4	5
5	6
6	13
7	4
8	11
9	12
10	10
11	9
12	15
13	14
14	7
15	8


Graph12.txt


Best Cost = 416.0
0	0
1	0
2	0
3	0
4	0
5	0
6	0
7	0
8	0
9	0
10	0
11	0
12	0
13	0
14	0
15	0
16	9
17	8
18	1
19	0
20	0
21	0
22	0
23	0
24	6
25	7
26	2
27	3
28	0
29	0
30	0
31	0


Graph13.txt


Best Cost = 220.0
0	26
1	27
2	3
3	2
4	0
5	0
6	0
7	0
8	23
9	22
10	0
11	1
12	0
13	0
14	0
15	0
16	8
17	6
18	29
19	28
20	0
21	0
22	0
23	0
24	9
25	7
26	5
27	4
28	0
29	0
30	0
31	0


Graph14.txt


Best Cost = 107000.0
0	6
1	1
2	0
3	0
4	5
5	4
6	0
7	0
8	11
9	10
10	0
11	2
12	9
13	8
14	3
15	7


Graph15.txt


Best Cost = 88080.33
0	8
1	7
2	9
3	10
4	5
5	6
6	12
7	11
8	0
9	0
10	4
11	3
12	0
13	0
14	1
15	2


Graph17.txt


Best Cost = 20829.534399999968
0	47
1	34
2	20
3	19
4	0
5	0
6	0
7	0
8	54
9	48
10	25
11	24
12	0
13	0
14	0
15	0
16	46
17	39
18	36
19	38
20	0
21	0
22	0
23	0
24	52
25	30
26	63
27	12
28	0
29	0
30	0
31	0
32	0
33	0
34	0
35	0
36	0
37	0
38	0
39	0
40	0
41	0
42	0
43	0
44	0
45	0
46	0
47	0
48	0
49	0
50	0
51	0
52	0
53	0
54	0
55	0
56	0
57	0
58	0
59	0
60	0
61	0
62	0
63	0


Graph18.txt


Best Cost = 239052.41599999985
0	22
1	17
2	23
3	16
4	0
5	0
6	0
7	0
8	15
9	20
10	57
11	60
12	0
13	0
14	0
15	0
16	13
17	14
18	29
19	32
20	0
21	0
22	0
23	0
24	30
25	27
26	21
27	25
28	0
29	0
30	0
31	0
32	0
33	0
34	0
35	0
36	0
37	0
38	0
39	0
40	0
41	0
42	0
43	0
44	0
45	0
46	0
47	0
48	0
49	0
50	0
51	0
52	0
53	0
54	0
55	0
56	0
57	0
58	0
59	0
60	0
61	0
62	0
63	0


Graph19.txt


Best Cost = 120613.13600000004
0	27
1	8
2	63
3	42
4	0
5	0
6	0
7	0
8	17
9	11
10	4
11	41
12	0
13	0
14	0
15	0
16	13
17	10
18	2
19	7
20	0
21	0
22	0
23	0
24	3
25	6
26	0
27	1
28	0
29	0
30	0
31	0
32	0
33	0
34	0
35	0
36	0
37	0
38	0
39	0
40	0
41	0
42	0
43	0
44	0
45	0
46	0
47	0
48	0
49	0
50	0
51	0
52	0
53	0
54	0
55	0
56	0
57	0
58	0
59	0
60	0
61	0
62	0
63	0


Graph20.txt


Best Cost = 243978.94399999984
0	36
1	32
2	9
3	10
4	0
5	0
6	0
7	0
8	31
9	29
10	27
11	34
12	0
13	0
14	0
15	0
16	28
17	25
18	23
19	26
20	0
21	0
22	0
23	0
24	45
25	59
26	14
27	30
28	0
29	0
30	0
31	0
32	0
33	0
34	0
35	0
36	0
37	0
38	0
39	0
40	0
41	0
42	0
43	0
44	0
45	0
46	0
47	0
48	0
49	0
50	0
51	0
52	0
53	0
54	0
55	0
56	0
57	0
58	0
59	0
60	0
61	0
62	0
63	0


Graph1.txt


Best Cost = 4231.0
0	4
1	5
2	6
3	7
4	3
5	15
6	8
7	9
8	2
9	1
10	12
11	13
12	11
13	0
14	10
15	14


Graph2.txt


Best Cost = 5728.5
0	10
1	7
2	0
3	3
4	11
5	6
6	9
7	4
8	5
9	2
10	0
11	0
12	8
13	1
14	0
15	0


Graph3.txt


Best Cost = 640.0
0	7
1	6
2	3
3	2
4	4
5	5
6	0
7	1


Graph4.txt


Best Cost = 17316.0
0	11
1	12
2	13
3	23
4	0
5	0
6	0
7	0
8	20
9	21
10	22
11	24
12	0
13	0
14	0
15	0
16	19
17	18
18	29
19	0
20	0
21	0
22	0
23	0
24	16
25	17
26	15
27	30
28	0
29	0
30	0
31	0


Graph5.txt


Best Cost = 179.07568
0	4
1	3
2	0
3	11
4	6
5	1
6	10
7	2
8	7
9	5
10	0
11	0
12	8
13	9
14	0
15	0


Graph6.txt


Best Cost = 3104.0
0	5
1	6
2	11
3	10
4	1
5	2
6	9
7	8
8	0
9	0
10	3
11	7
12	0
13	0
14	4
15	0


Graph7.txt


Best Cost = 1289.503
0	6
1	2
2	1
3	4
4	11
5	3
6	0
7	5
8	10
9	9
10	0
11	0
12	8
13	7
14	0
15	0


Graph8.txt


Best Cost = 3609.0
0	15
1	4
2	3
3	2
4	6
5	5
6	0
7	1
8	7
9	9
10	12
11	13
12	8
13	11
14	10
15	14


Graph9.txt


Best Cost = 20.462000000000003
0	10
1	9
2	0
3	1
4	8
5	7
6	4
7	2
8	15
9	14
10	6
11	5
12	11
13	12
14	13
15	3


Graph10.txt


Best Cost = 525.061
0	3
1	0
2	1
3	2
4	5
5	6
6	13
7	4
8	11
9	12
10	10
11	9
12	15
13	14
14	7
15	8


Graph12.txt


Best Cost = 416.0
0	0
1	0
2	0
3	0
4	0
5	0
6	0
7	0
8	0
9	0
10	0
11	0
12	0
13	0
14	0
15	0
16	9
17	8
18	1
19	0
20	0
21	0
22	0
23	0
24	6
25	7
26	2
27	3
28	0
29	0
30	0
31	0


Graph13.txt


Best Cost = 220.0
0	26
1	27
2	3
3	2
4	0
5	0
6	0
7	0
8	23
9	22
10	0
11	1
12	0
13	0
14	0
15	0
16	8
17	6
18	29
19	28
20	0
21	0
22	0
23	0
24	9
25	7
26	5
27	4
28	0
29	0
30	0
31	0


Graph14.txt


Best Cost = 107000.0
0	6
1	1
2	0
3	0
4	5
5	4
6	0
7	0
8	11
9	10
10	0
11	2
12	9
13	8
14	3
15	7


Graph15.txt


Best Cost = 88080.33
0	8
1	7
2	9
3	10
4	5
5	6
6	12
7	11
8	0
9	0
10	4
11	3
12	0
13	0
14	1
15	2


Graph17.txt


Best Cost = 20829.534399999968
0	47
1	34
2	20
3	19
4	0
5	0
6	0
7	0
8	54
9	48
10	25
11	24
12	0
13	0
14	0
15	0
16	46
17	39
18	36
19	38
20	0
21	0
22	0
23	0
24	52
25	30
26	63
27	12
28	0
29	0
30	0
31	0
32	0
33	0
34	0
35	0
36	0
37	0
38	0
39	0
40	0
41	0
42	0
43	0
44	0
45	0
46	0
47	0
48	0
49	0
50	0
51	0
52	0
53	0
54	0
55	0
56	0
57	0
58	0
59	0
60	0
61	0
62	0
63	0


Graph18.txt


Best Cost = 239052.41599999985
0	22
1	17
2	23
3	16
4	0
5	0
6	0
7	0
8	15
9	20
10	57
11	60
12	0
13	0
14	0
15	0
16	13
17	14
18	29
19	32
20	0
21	0
22	0
23	0
24	30
25	27
26	21
27	25
28	0
29	0
30	0
31	0
32	0
33	0
34	0
35	0
36	0
37	0
38	0
39	0
40	0
41	0
42	0
43	0
44	0
45	0
46	0
47	0
48	0
49	0
50	0
51	0
52	0
53	0
54	0
55	0
56	0
57	0
58	0
59	0
60	0
61	0
62	0
63	0


Graph19.txt


Best Cost = 120613.13600000004
0	27
1	8
2	63
3	42
4	0
5	0
6	0
7	0
8	17
9	11
10	4
11	41
12	0
13	0
14	0
15	0
16	13
17	10
18	2
19	7
20	0
21	0
22	0
23	0
24	3
25	6
26	0
27	1
28	0
29	0
30	0
31	0
32	0
33	0
34	0
35	0
36	0
37	0
38	0
39	0
40	0
41	0
42	0
43	0
44	0
45	0
46	0
47	0
48	0
49	0
50	0
51	0
52	0
53	0
54	0
55	0
56	0
57	0
58	0
59	0
60	0
61	0
62	0
63	0


Graph20.txt


Best Cost = 243978.94399999984
0	36
1	32
2	9
3	10
4	0
5	0
6	0
7	0
8	31
9	29
10	27
11	34
12	0
13	0
14	0
15	0
16	28
17	25
18	23
19	26
20	0
21	0
22	0
23	0
24	45
25	59
26	14
27	30
28	0
29	0
30	0
31	0
32	0
33	0
34	0
35	0
36	0
37	0
38	0
39	0
40	0
41	0
42	0
43	0
44	0
45	0
46	0
47	0
48	0
49	0
50	0
51	0
52	0
53	0
54	0
55	0
56	0
57	0
58	0
59	0
60	0
61	0
62	0
63	0


Graph21.txt


Best Cost = 62402.8832000006
0	38
1	48
2	50
3	62
4	0
5	0
6	0
7	0
8	14
9	37
10	49
11	57
12	0
13	0
14	0
15	0
16	29
17	13
18	16
19	35
20	0
21	0
22	0
23	0
24	15
25	61
26	41
27	55
28	0
29	0
30	0
31	0
32	0
33	0
34	0
35	0
36	0
37	0
38	0
39	0
40	0
41	0
42	0
43	0
44	0
45	0
46	0
47	0
48	0
49	0
50	0
51	0
52	0
53	0
54	0
55	0
56	0
57	0
58	0
59	0
60	0
61	0
62	0
63	0


Graph22.txt


Best Cost = 70130.24639999999
0	35
1	60
2	0
3	54
4	0
5	0
6	0
7	0
8	52
9	51
10	28
11	53
12	0
13	0
14	0
15	0
16	62
17	50
18	41
19	55
20	0
21	0
22	0
23	0
24	48
25	37
26	14
27	38
28	0
29	0
30	0
31	0
32	0
33	0
34	0
35	0
36	0
37	0
38	0
39	0
40	0
41	0
42	0
43	0
44	0
45	0
46	0
47	0
48	0
49	0
50	0
51	0
52	0
53	0
54	0
55	0
56	0
57	0
58	0
59	0
60	0
61	0
62	0
63	0


Graph23.txt


Best Cost = 30232.10400000003
0	23
1	4
2	2
3	61
4	0
5	0
6	0
7	0
8	62
9	22
10	51
11	10
12	0
13	0
14	0
15	0
16	44
17	31
18	60
19	58
20	0
21	0
22	0
23	0
24	56
25	45
26	53
27	57
28	0
29	0
30	0
31	0
32	0
33	0
34	0
35	0
36	0
37	0
38	0
39	0
40	0
41	0
42	0
43	0
44	0
45	0
46	0
47	0
48	0
49	0
50	0
51	0
52	0
53	0
54	0
55	0
56	0
57	0
58	0
59	0
60	0
61	0
62	0
63	0


Graph25.txt


Best Cost = 126639.16799999912
0	41
1	54
2	90
3	61
4	0
5	0
6	0
7	0
8	0
9	0
10	0
11	0
12	0
13	0
14	0
15	0
16	58
17	55
18	57
19	101
20	0
21	0
22	0
23	0
24	0
25	0
26	0
27	0
28	0
29	0
30	0
31	0
32	96
33	94
34	59
35	113
36	0
37	0
38	0
39	0
40	0
41	0
42	0
43	0
44	0
45	0
46	0
47	0
48	50
49	105
50	102
51	114
52	0
53	0
54	0
55	0
56	0
57	0
58	0
59	0
60	0
61	0
62	0
63	0
64	0
65	0
66	0
67	0
68	0
69	0
70	0
71	0
72	0
73	0
74	0
75	0
76	0
77	0
78	0
79	0
80	0
81	0
82	0
83	0
84	0
85	0
86	0
87	0
88	0
89	0
90	0
91	0
92	0
93	0
94	0
95	0
96	0
97	0
98	0
99	0
100	0
101	0
102	0
103	0
104	0
105	0
106	0
107	0
108	0
109	0
110	0
111	0
112	0
113	0
114	0
115	0
116	0
117	0
118	0
119	0
120	0
121	0
122	0
123	0
124	0
125	0
126	0
127	0


Graph26.txt


Best Cost = 90241.28000000036
0	56
1	45
2	31
3	22
4	0
5	0
6	0
7	0
8	0
9	0
10	0
11	0
12	0
13	0
14	0
15	0
16	76
17	117
18	23
19	4
20	0
21	0
22	0
23	0
24	0
25	0
26	0
27	0
28	0
29	0
30	0
31	0
32	104
33	118
34	119
35	94
36	0
37	0
38	0
39	0
40	0
41	0
42	0
43	0
44	0
45	0
46	0
47	0
48	90
49	92
50	50
51	91
52	0
53	0
54	0
55	0
56	0
57	0
58	0
59	0
60	0
61	0
62	0
63	0
64	0
65	0
66	0
67	0
68	0
69	0
70	0
71	0
72	0
73	0
74	0
75	0
76	0
77	0
78	0
79	0
80	0
81	0
82	0
83	0
84	0
85	0
86	0
87	0
88	0
89	0
90	0
91	0
92	0
93	0
94	0
95	0
96	0
97	0
98	0
99	0
100	0
101	0
102	0
103	0
104	0
105	0
106	0
107	0
108	0
109	0
110	0
111	0
112	0
113	0
114	0
115	0
116	0
117	0
118	0
119	0
120	0
121	0
122	0
123	0
124	0
125	0
126	0
127	0


Graph27.txt


Best Cost = 470216.12159999716
0	95
1	36
2	99
3	61
4	0
5	0
6	0
7	0
8	0
9	0
10	0
11	0
12	0
13	0
14	0
15	0
16	94
17	64
18	15
19	29
20	0
21	0
22	0
23	0
24	0
25	0
26	0
27	0
28	0
29	0
30	0
31	0
32	33
33	24
34	34
35	63
36	0
37	0
38	0
39	0
40	0
41	0
42	0
43	0
44	0
45	0
46	0
47	0
48	43
49	11
50	1
51	3
52	0
53	0
54	0
55	0
56	0
57	0
58	0
59	0
60	0
61	0
62	0
63	0
64	0
65	0
66	0
67	0
68	0
69	0
70	0
71	0
72	0
73	0
74	0
75	0
76	0
77	0
78	0
79	0
80	0
81	0
82	0
83	0
84	0
85	0
86	0
87	0
88	0
89	0
90	0
91	0
92	0
93	0
94	0
95	0
96	0
97	0
98	0
99	0
100	0
101	0
102	0
103	0
104	0
105	0
106	0
107	0
108	0
109	0
110	0
111	0
112	0
113	0
114	0
115	0
116	0
117	0
118	0
119	0
120	0
121	0
122	0
123	0
124	0
125	0
126	0
127	0


Graph28.txt


Best Cost = 296227.5200000002
0	82
1	61
2	83
3	110
4	0
5	0
6	0
7	0
8	0
9	0
10	0
11	0
12	0
13	0
14	0
15	0
16	36
17	39
18	111
19	115
20	0
21	0
22	0
23	0
24	0
25	0
26	0
27	0
28	0
29	0
30	0
31	0
32	112
33	116
34	74
35	100
36	0
37	0
38	0
39	0
40	0
41	0
42	0
43	0
44	0
45	0
46	0
47	0
48	73
49	62
50	22
51	31
52	0
53	0
54	0
55	0
56	0
57	0
58	0
59	0
60	0
61	0
62	0
63	0
64	0
65	0
66	0
67	0
68	0
69	0
70	0
71	0
72	0
73	0
74	0
75	0
76	0
77	0
78	0
79	0
80	0
81	0
82	0
83	0
84	0
85	0
86	0
87	0
88	0
89	0
90	0
91	0
92	0
93	0
94	0
95	0
96	0
97	0
98	0
99	0
100	0
101	0
102	0
103	0
104	0
105	0
106	0
107	0
108	0
109	0
110	0
111	0
112	0
113	0
114	0
115	0
116	0
117	0
118	0
119	0
120	0
121	0
122	0
123	0
124	0
125	0
126	0
127	0


Graph29.txt


Best Cost = 399752.19200000045
0	18
1	108
2	40
3	99
4	0
5	0
6	0
7	0
8	0
9	0
10	0
11	0
12	0
13	0
14	0
15	0
16	86
17	114
18	55
19	73
20	0
21	0
22	0
23	0
24	0
25	0
26	0
27	0
28	0
29	0
30	0
31	0
32	77
33	30
34	25
35	125
36	0
37	0
38	0
39	0
40	0
41	0
42	0
43	0
44	0
45	0
46	0
47	0
48	27
49	23
50	26
51	28
52	0
53	0
54	0
55	0
56	0
57	0
58	0
59	0
60	0
61	0
62	0
63	0
64	0
65	0
66	0
67	0
68	0
69	0
70	0
71	0
72	0
73	0
74	0
75	0
76	0
77	0
78	0
79	0
80	0
81	0
82	0
83	0
84	0
85	0
86	0
87	0
88	0
89	0
90	0
91	0
92	0
93	0
94	0
95	0
96	0
97	0
98	0
99	0
100	0
101	0
102	0
103	0
104	0
105	0
106	0
107	0
108	0
109	0
110	0
111	0
112	0
113	0
114	0
115	0
116	0
117	0
118	0
119	0
120	0
121	0
122	0
123	0
124	0
125	0
126	0
127	0


Graph30.txt


Best Cost = 837306.3680000001
0	98
1	92
2	52
3	91
4	0
5	0
6	0
7	0
8	0
9	0
10	0
11	0
12	0
13	0
14	0
15	0
16	63
17	53
18	89
19	88
20	0
21	0
22	0
23	0
24	0
25	0
26	0
27	0
28	0
29	0
30	0
31	0
32	65
33	62
34	82
35	84
36	0
37	0
38	0
39	0
40	0
41	0
42	0
43	0
44	0
45	0
46	0
47	0
48	97
49	66
50	83
51	99
52	0
53	0
54	0
55	0
56	0
57	0
58	0
59	0
60	0
61	0
62	0
63	0
64	0
65	0
66	0
67	0
68	0
69	0
70	0
71	0
72	0
73	0
74	0
75	0
76	0
77	0
78	0
79	0
80	0
81	0
82	0
83	0
84	0
85	0
86	0
87	0
88	0
89	0
90	0
91	0
92	0
93	0
94	0
95	0
96	0
97	0
98	0
99	0
100	0
101	0
102	0
103	0
104	0
105	0
106	0
107	0
108	0
109	0
110	0
111	0
112	0
113	0
114	0
115	0
116	0
117	0
118	0
119	0
120	0
121	0
122	0
123	0
124	0
125	0
126	0
127	0


Graph2.txt


Best Cost = 5728.5
0	10
1	7
2	0
3	3
4	11
5	6
6	9
7	4
8	5
9	2
10	0
11	0
12	8
13	1
14	0
15	0


Graph2.txt


Best Cost = 5728.5
0	1
1	8
2	0
3	0
4	5
5	2
6	0
7	0
8	11
9	6
10	9
11	4
12	10
13	7
14	0
15	3


Graph2.txt


Best Cost = 5728.5
0	1
1	8
2	0
3	0
4	5
5	2
6	0
7	0
8	11
9	6
10	9
11	4
12	10
13	7
14	0
15	3


Graph2.txt


Best Cost = 5728.5
0	1
1	8
2	0
3	0
4	5
5	2
6	0
7	0
8	11
9	6
10	9
11	4
12	10
13	7
14	0
15	3


Graph2.txt


Best Cost = 5728.5
0	1
1	8
2	0
3	0
4	5
5	2
6	0
7	0
8	11
9	6
10	9
11	4
12	10
13	7
14	0
15	3


Graph2.txt


Best Cost = 5728.5
0	1
1	8
2	0
3	0
4	5
5	2
6	0
7	0
8	11
9	6
10	9
11	4
12	10
13	7
14	0
15	3


Graph1.txt


Best Cost = 4189.0
0	14
1	10
2	8
3	11
4	13
5	12
6	9
7	7
8	1
9	0
10	5
11	6
12	2
13	3
14	4
15	15


Graph2.txt


Best Cost = 5728.5
0	1
1	8
2	0
3	0
4	5
5	2
6	0
7	0
8	11
9	6
10	9
11	4
12	10
13	7
14	0
15	3


Graph2.txt


Best Cost = 5728.5
0	1
1	8
2	0
3	0
4	5
5	2
6	0
7	0
8	11
9	6
10	9
11	4
12	10
13	7
14	0
15	3


Graph2.txt


Best Cost = 5728.5
0	10
1	7
2	0
3	3
4	11
5	6
6	9
7	4
8	5
9	2
10	0
11	0
12	8
13	1
14	0
15	0


Graph1.txt


Best Cost = 4231.0
0	4
1	5
2	6
3	7
4	3
5	15
6	8
7	9
8	2
9	1
10	12
11	13
12	11
13	0
14	10
15	14


Graph1.txt


Best Cost = 4189.0
0	14
1	10
2	8
3	11
4	13
5	12
6	9
7	7
8	1
9	0
10	5
11	6
12	2
13	3
14	4
15	15


Graph1.txt


Best Cost = 4189.0
0	14
1	10
2	8
3	11
4	13
5	12
6	9
7	7
8	1
9	0
10	5
11	6
12	2
13	3
14	4
15	15


Graph2.txt


Best Cost = 5728.5
0	1
1	8
2	0
3	0
4	5
5	2
6	0
7	0
8	11
9	6
10	9
11	4
12	10
13	7
14	0
15	3


Graph1.txt


Best Cost = 4189.0
0	14
1	10
2	8
3	11
4	13
5	12
6	9
7	7
8	1
9	0
10	5
11	6
12	2
13	3
14	4
15	15


Graph2.txt


Best Cost = 5728.5
0	1
1	8
2	0
3	0
4	5
5	2
6	0
7	0
8	11
9	6
10	9
11	4
12	10
13	7
14	0
15	3


Graph2.txt


Best Cost = 8233.5
0	0
1	0
2	2
3	5
4	0
5	0
6	1
7	8
8	3
9	0
10	6
11	11
12	9
13	4
14	7
15	10


Graph2.txt


Best Cost = 5728.5
0	1
1	8
2	0
3	0
4	5
5	2
6	0
7	0
8	11
9	6
10	9
11	4
12	10
13	7
14	0
15	3


Graph2.txt


Best Cost = 5728.5
0	1
1	8
2	0
3	0
4	5
5	2
6	0
7	0
8	11
9	6
10	9
11	4
12	10
13	7
14	0
15	3


Graph2.txt


Best Cost = 5728.5
0	1
1	8
2	0
3	0
4	5
5	2
6	0
7	0
8	11
9	6
10	9
11	4
12	10
13	7
14	0
15	3


Graph2.txt


Best Cost = 5728.5
0	1
1	8
2	0
3	0
4	5
5	2
6	0
7	0
8	11
9	6
10	9
11	4
12	10
13	7
14	0
15	3


Graph2.txt


Best Cost = 5728.5
0	1
1	8
2	0
3	0
4	5
5	2
6	0
7	0
8	11
9	6
10	9
11	4
12	10
13	7
14	0
15	3


Graph2.txt


Best Cost = 5728.5
0	1
1	8
2	0
3	0
4	5
5	2
6	0
7	0
8	11
9	6
10	9
11	4
12	10
13	7
14	0
15	3


Graph2.txt


Best Cost = 5728.5
0	1
1	8
2	0
3	0
4	5
5	2
6	0
7	0
8	11
9	6
10	9
11	4
12	10
13	7
14	0
15	3


Graph2.txt


Best Cost = 5728.5
0	1
1	8
2	0
3	0
4	5
5	2
6	0
7	0
8	11
9	6
10	9
11	4
12	10
13	7
14	0
15	3


Graph2.txt


Best Cost = 5728.5
0	1
1	8
2	0
3	0
4	5
5	2
6	0
7	0
8	11
9	6
10	9
11	4
12	10
13	7
14	0
15	3


Graph2.txt


Best Cost = 5728.5
0	1
1	8
2	0
3	0
4	5
5	2
6	0
7	0
8	11
9	6
10	9
11	4
12	10
13	7
14	0
15	3


Graph2.txt


Best Cost = 5728.5
0	1
1	8
2	0
3	0
4	5
5	2
6	0
7	0
8	11
9	6
10	9
11	4
12	10
13	7
14	0
15	3


Graph2.txt


Best Cost = 5728.5
0	1
1	8
2	0
3	0
4	5
5	2
6	0
7	0
8	11
9	6
10	9
11	4
12	10
13	7
14	0
15	3


Graph2.txt


Best Cost = 5728.5
0	1
1	8
2	0
3	0
4	5
5	2
6	0
7	0
8	11
9	6
10	9
11	4
12	10
13	7
14	0
15	3


Graph2.txt


Best Cost = 5728.5
0	1
1	8
2	0
3	0
4	5
5	2
6	0
7	0
8	11
9	6
10	9
11	4
12	10
13	7
14	0
15	3


Graph2.txt


Best Cost = 5728.5
0	1
1	8
2	0
3	0
4	5
5	2
6	0
7	0
8	11
9	6
10	9
11	4
12	10
13	7
14	0
15	3


Graph2.txt


Best Cost = 5728.5
0	1
1	8
2	0
3	0
4	5
5	2
6	0
7	0
8	11
9	6
10	9
11	4
12	10
13	7
14	0
15	3


Graph2.txt


Best Cost = 4006.5
0	15
1	14
2	8
3	1
4	12
5	13
6	5
7	2
8	11
9	6
10	9
11	4
12	10
13	7
14	0
15	3


Graph2.txt


Best Cost = 4006.5
0	10
1	7
2	0
3	3
4	11
5	6
6	9
7	4
8	15
9	14
10	5
11	2
12	12
13	13
14	8
15	1


Graph2.txt


Best Cost = 4006.5
0	10
1	7
2	0
3	3
4	11
5	6
6	9
7	4
8	15
9	14
10	5
11	2
12	12
13	13
14	8
15	1


Graph1.txt


Best Cost = 4231.0
0	4
1	5
2	6
3	7
4	3
5	15
6	8
7	9
8	2
9	1
10	12
11	13
12	11
13	0
14	10
15	14


Graph1.txt


Best Cost = 4231.0
0	4
1	5
2	6
3	7
4	3
5	15
6	8
7	9
8	2
9	1
10	12
11	13
12	11
13	0
14	10
15	14


Graph1.txt


Best Cost = 4231.0
0	4
1	5
2	6
3	7
4	3
5	15
6	8
7	9
8	2
9	1
10	12
11	13
12	11
13	0
14	10
15	14


Graph2.txt


Best Cost = 4006.5
0	10
1	7
2	0
3	3
4	11
5	6
6	9
7	4
8	15
9	14
10	5
11	2
12	12
13	13
14	8
15	1


Graph3.txt


Best Cost = 640.0
0	7
1	6
2	3
3	2
4	4
5	5
6	0
7	1


Graph4.txt


Best Cost = 17316.0
0	11
1	12
2	13
3	23
4	0
5	0
6	0
7	0
8	20
9	21
10	22
11	24
12	0
13	0
14	0
15	0
16	19
17	18
18	29
19	0
20	0
21	0
22	0
23	0
24	16
25	17
26	15
27	30
28	0
29	0
30	0
31	0


Graph1.txt


Best Cost = 4231.0
0	4
1	5
2	6
3	7
4	3
5	15
6	8
7	9
8	2
9	1
10	12
11	13
12	11
13	0
14	10
15	14


Graph2.txt


Best Cost = 4006.5
0	10
1	7
2	0
3	3
4	11
5	6
6	9
7	4
8	15
9	14
10	5
11	2
12	12
13	13
14	8
15	1


Graph3.txt


Best Cost = 640.0
0	7
1	6
2	3
3	2
4	4
5	5
6	0
7	1


Graph4.txt


Best Cost = 17316.0
0	11
1	12
2	13
3	23
4	0
5	0
6	0
7	0
8	20
9	21
10	22
11	24
12	0
13	0
14	0
15	0
16	19
17	18
18	29
19	0
20	0
21	0
22	0
23	0
24	16
25	17
26	15
27	30
28	0
29	0
30	0
31	0


Graph1.txt


Best Cost = 4231.0
0	4
1	5
2	6
3	7
4	3
5	15
6	8
7	9
8	2
9	1
10	12
11	13
12	11
13	0
14	10
15	14


Graph2.txt


Best Cost = 4006.5
0	10
1	7
2	0
3	3
4	11
5	6
6	9
7	4
8	15
9	14
10	5
11	2
12	12
13	13
14	8
15	1


Graph3.txt


Best Cost = 640.0
0	7
1	6
2	3
3	2
4	4
5	5
6	0
7	1


Graph4.txt


Best Cost = 17316.0
0	11
1	12
2	13
3	23
4	0
5	0
6	0
7	0
8	20
9	21
10	22
11	24
12	0
13	0
14	0
15	0
16	19
17	18
18	29
19	0
20	0
21	0
22	0
23	0
24	16
25	17
26	15
27	30
28	0
29	0
30	0
31	0


Graph1.txt


Best Cost = 4231.0
0	4
1	5
2	6
3	7
4	3
5	15
6	8
7	9
8	2
9	1
10	12
11	13
12	11
13	0
14	10
15	14


Graph2.txt


Best Cost = 4006.5
0	10
1	7
2	0
3	3
4	11
5	6
6	9
7	4
8	15
9	14
10	5
11	2
12	12
13	13
14	8
15	1


Graph3.txt


Best Cost = 640.0
0	7
1	6
2	3
3	2
4	4
5	5
6	0
7	1


Graph4.txt


Best Cost = 17316.0
0	11
1	12
2	13
3	23
4	0
5	0
6	0
7	0
8	20
9	21
10	22
11	24
12	0
13	0
14	0
15	0
16	19
17	18
18	29
19	0
20	0
21	0
22	0
23	0
24	16
25	17
26	15
27	30
28	0
29	0
30	0
31	0


Graph6.txt


Best Cost = 1472.0
0	10
1	11
2	2
3	1
4	8
5	9
6	6
7	5
8	7
9	3
10	15
11	13
12	4
13	0
14	12
15	14


Graph7.txt


Best Cost = 230.467
0	4
1	1
2	2
3	6
4	5
5	0
6	3
7	11
8	14
9	12
10	9
11	10
12	13
13	15
14	7
15	8


Graph8.txt


Best Cost = 3609.0
0	15
1	4
2	3
3	2
4	6
5	5
6	0
7	1
8	7
9	9
10	12
11	13
12	8
13	11
14	10
15	14


Graph9.txt


Best Cost = 20.462000000000003
0	10
1	9
2	0
3	1
4	8
5	7
6	4
7	2
8	15
9	14
10	6
11	5
12	11
13	12
14	13
15	3


Graph10.txt


Best Cost = 525.061
0	3
1	0
2	1
3	2
4	5
5	6
6	13
7	4
8	11
9	12
10	10
11	9
12	15
13	14
14	7
15	8


Graph12.txt


Best Cost = 96.0
0	27
1	31
2	25
3	29
4	0
5	0
6	0
7	0
8	30
9	24
10	28
11	26
12	0
13	0
14	0
15	0
16	6
17	7
18	0
19	1
20	0
21	0
22	0
23	0
24	9
25	8
26	3
27	2
28	0
29	0
30	0
31	0


Graph13.txt


Best Cost = 220.0
0	26
1	27
2	3
3	2
4	0
5	0
6	0
7	0
8	23
9	22
10	0
11	1
12	0
13	0
14	0
15	0
16	8
17	6
18	29
19	28
20	0
21	0
22	0
23	0
24	9
25	7
26	5
27	4
28	0
29	0
30	0
31	0


Graph14.txt


Best Cost = 44000.0
0	1
1	6
2	14
3	15
4	4
5	5
6	13
7	12
8	0
9	2
10	10
11	11
12	3
13	7
14	8
15	9


Graph15.txt


Best Cost = 88080.33
0	8
1	7
2	9
3	10
4	5
5	6
6	12
7	11
8	0
9	13
10	4
11	3
12	15
13	14
14	1
15	2


Graph1.txt


Best Cost = 4231.0
0	4
1	5
2	6
3	7
4	3
5	15
6	8
7	9
8	2
9	1
10	12
11	13
12	11
13	0
14	10
15	14


Graph2.txt


Best Cost = 4006.5
0	10
1	7
2	0
3	3
4	11
5	6
6	9
7	4
8	15
9	14
10	5
11	2
12	12
13	13
14	8
15	1


Graph3.txt


Best Cost = 640.0
0	7
1	6
2	3
3	2
4	4
5	5
6	0
7	1


Graph4.txt


Best Cost = 17316.0
0	11
1	12
2	13
3	23
4	0
5	0
6	0
7	0
8	20
9	21
10	22
11	24
12	0
13	0
14	0
15	0
16	19
17	18
18	29
19	0
20	0
21	0
22	0
23	0
24	16
25	17
26	15
27	30
28	0
29	0
30	0
31	0


Graph1.txt


Best Cost = 4231.0
0	4
1	5
2	6
3	7
4	3
5	15
6	8
7	9
8	2
9	1
10	12
11	13
12	11
13	0
14	10
15	14


Graph2.txt


Best Cost = 4006.5
0	10
1	7
2	0
3	3
4	11
5	6
6	9
7	4
8	15
9	14
10	5
11	2
12	12
13	13
14	8
15	1


Graph3.txt


Best Cost = 640.0
0	7
1	6
2	3
3	2
4	4
5	5
6	0
7	1


Graph4.txt


Best Cost = 17316.0
0	11
1	12
2	13
3	23
4	0
5	0
6	0
7	0
8	20
9	21
10	22
11	24
12	0
13	0
14	0
15	0
16	19
17	18
18	29
19	0
20	0
21	0
22	0
23	0
24	16
25	17
26	15
27	30
28	0
29	0
30	0
31	0


Graph1.txt


Best Cost = 4231.0
0	4
1	5
2	6
3	7
4	3
5	15
6	8
7	9
8	2
9	1
10	12
11	13
12	11
13	0
14	10
15	14


Graph10.txt


Best Cost = 525.061
0	3
1	0
2	1
3	2
4	5
5	6
6	13
7	4
8	11
9	12
10	10
11	9
12	15
13	14
14	7
15	8


Graph12.txt


Best Cost = 96.0
0	27
1	31
2	25
3	29
4	0
5	0
6	0
7	0
8	30
9	24
10	28
11	26
12	0
13	0
14	0
15	0
16	6
17	7
18	0
19	1
20	0
21	0
22	0
23	0
24	9
25	8
26	3
27	2
28	0
29	0
30	0
31	0


Graph13.txt


Best Cost = 220.0
0	26
1	27
2	3
3	2
4	0
5	0
6	0
7	0
8	23
9	22
10	0
11	1
12	0
13	0
14	0
15	0
16	8
17	6
18	29
19	28
20	0
21	0
22	0
23	0
24	9
25	7
26	5
27	4
28	0
29	0
30	0
31	0


Graph14.txt


Best Cost = 44000.0
0	1
1	6
2	14
3	15
4	4
5	5
6	13
7	12
8	0
9	2
10	10
11	11
12	3
13	7
14	8
15	9


Graph15.txt


Best Cost = 88080.33
0	8
1	7
2	9
3	10
4	5
5	6
6	12
7	11
8	0
9	13
10	4
11	3
12	15
13	14
14	1
15	2


Graph17.txt


Best Cost = 20829.534399999968
0	47
1	34
2	20
3	19
4	0
5	0
6	0
7	0
8	54
9	48
10	25
11	24
12	0
13	0
14	0
15	0
16	46
17	39
18	36
19	38
20	0
21	0
22	0
23	0
24	52
25	30
26	63
27	12
28	0
29	0
30	0
31	0
32	0
33	0
34	0
35	0
36	0
37	0
38	0
39	0
40	0
41	0
42	0
43	0
44	0
45	0
46	0
47	0
48	0
49	0
50	0
51	0
52	0
53	0
54	0
55	0
56	0
57	0
58	0
59	0
60	0
61	0
62	0
63	0


Graph18.txt


Best Cost = 239052.41599999985
0	22
1	17
2	23
3	16
4	0
5	0
6	0
7	0
8	15
9	20
10	57
11	60
12	0
13	0
14	0
15	0
16	13
17	14
18	29
19	32
20	0
21	0
22	0
23	0
24	30
25	27
26	21
27	25
28	0
29	0
30	0
31	0
32	0
33	0
34	0
35	0
36	0
37	0
38	0
39	0
40	0
41	0
42	0
43	0
44	0
45	0
46	0
47	0
48	0
49	0
50	0
51	0
52	0
53	0
54	0
55	0
56	0
57	0
58	0
59	0
60	0
61	0
62	0
63	0


Graph19.txt


Best Cost = 120613.13600000004
0	27
1	8
2	63
3	42
4	0
5	0
6	0
7	0
8	17
9	11
10	4
11	41
12	0
13	0
14	0
15	0
16	13
17	10
18	2
19	7
20	0
21	0
22	0
23	0
24	3
25	6
26	0
27	1
28	0
29	0
30	0
31	0
32	0
33	0
34	0
35	0
36	0
37	0
38	0
39	0
40	0
41	0
42	0
43	0
44	0
45	0
46	0
47	0
48	0
49	0
50	0
51	0
52	0
53	0
54	0
55	0
56	0
57	0
58	0
59	0
60	0
61	0
62	0
63	0


Graph2.txt


Best Cost = 4006.5
0	10
1	7
2	0
3	3
4	11
5	6
6	9
7	4
8	15
9	14
10	5
11	2
12	12
13	13
14	8
15	1


Graph20.txt


Best Cost = 243978.94399999984
0	36
1	32
2	9
3	10
4	0
5	0
6	0
7	0
8	31
9	29
10	27
11	34
12	0
13	0
14	0
15	0
16	28
17	25
18	23
19	26
20	0
21	0
22	0
23	0
24	45
25	59
26	14
27	30
28	0
29	0
30	0
31	0
32	0
33	0
34	0
35	0
36	0
37	0
38	0
39	0
40	0
41	0
42	0
43	0
44	0
45	0
46	0
47	0
48	0
49	0
50	0
51	0
52	0
53	0
54	0
55	0
56	0
57	0
58	0
59	0
60	0
61	0
62	0
63	0


Graph21.txt


Best Cost = 62402.8832000006
0	38
1	48
2	50
3	62
4	0
5	0
6	0
7	0
8	14
9	37
10	49
11	57
12	0
13	0
14	0
15	0
16	29
17	13
18	16
19	35
20	0
21	0
22	0
23	0
24	15
25	61
26	41
27	55
28	0
29	0
30	0
31	0
32	0
33	0
34	0
35	0
36	0
37	0
38	0
39	0
40	0
41	0
42	0
43	0
44	0
45	0
46	0
47	0
48	0
49	0
50	0
51	0
52	0
53	0
54	0
55	0
56	0
57	0
58	0
59	0
60	0
61	0
62	0
63	0


Graph22.txt


Best Cost = 70130.24639999999
0	35
1	60
2	0
3	54
4	0
5	0
6	0
7	0
8	52
9	51
10	28
11	53
12	0
13	0
14	0
15	0
16	62
17	50
18	41
19	55
20	0
21	0
22	0
23	0
24	48
25	37
26	14
27	38
28	0
29	0
30	0
31	0
32	0
33	0
34	0
35	0
36	0
37	0
38	0
39	0
40	0
41	0
42	0
43	0
44	0
45	0
46	0
47	0
48	0
49	0
50	0
51	0
52	0
53	0
54	0
55	0
56	0
57	0
58	0
59	0
60	0
61	0
62	0
63	0


Graph1.txt


Best Cost = 2133.0
0	11
1	0
2	12
3	13
4	2
5	1
6	10
7	14
8	0
9	0
10	0
11	0
12	0
13	0
14	0
15	0


Graph1.txt


Best Cost = 2133.0
0	11
1	0
2	12
3	13
4	2
5	1
6	10
7	14
8	0
9	0
10	0
11	0
12	0
13	0
14	0
15	0


Graph1.txt


Best Cost = 4231.0
0	4
1	5
2	6
3	7
4	3
5	15
6	8
7	9
8	2
9	1
10	12
11	13
12	11
13	0
14	10
15	14


Graph1.txt


Best Cost = 4231.0
0	4
1	5
2	6
3	7
4	3
5	15
6	8
7	9
8	2
9	1
10	12
11	13
12	11
13	0
14	10
15	14


Graph1.txt


Best Cost = 4231.0
0	4
1	5
2	6
3	7
4	3
5	15
6	8
7	9
8	2
9	1
10	12
11	13
12	11
13	0
14	10
15	14


Graph1.txt


Best Cost = 4502.0
0	4
1	5
2	6
3	7
4	15
5	3
6	8
7	9
8	1
9	2
10	10
11	14
12	0
13	11
14	12
15	13


Graph1.txt


Best Cost = 4502.0
0	4
1	5
2	6
3	7
4	15
5	3
6	8
7	9
8	1
9	2
10	10
11	14
12	0
13	11
14	12
15	13


Graph1.txt


Best Cost = 4502.0
0	4
1	5
2	6
3	7
4	15
5	3
6	8
7	9
8	1
9	2
10	10
11	14
12	0
13	11
14	12
15	13


Graph1.txt


Best Cost = 4502.0
0	4
1	5
2	6
3	7
4	15
5	3
6	8
7	9
8	1
9	2
10	10
11	14
12	0
13	11
14	12
15	13


Graph1.txt


Best Cost = 4231.0
0	4
1	5
2	6
3	7
4	3
5	15
6	8
7	9
8	2
9	1
10	12
11	13
12	11
13	0
14	10
15	14


Graph1.txt


Best Cost = 4231.0
0	4
1	5
2	6
3	7
4	3
5	15
6	8
7	9
8	2
9	1
10	12
11	13
12	11
13	0
14	10
15	14


Graph10.txt


Best Cost = 525.061
0	3
1	0
2	1
3	2
4	5
5	6
6	13
7	4
8	11
9	12
10	10
11	9
12	15
13	14
14	7
15	8


Graph12.txt


Best Cost = 416.0
0	0
1	0
2	0
3	0
4	0
5	0
6	0
7	0
8	0
9	0
10	0
11	0
12	0
13	0
14	0
15	0
16	9
17	8
18	1
19	0
20	0
21	0
22	0
23	0
24	6
25	7
26	2
27	3
28	0
29	0
30	0
31	0


Graph13.txt


Best Cost = 220.0
0	26
1	27
2	3
3	2
4	0
5	0
6	0
7	0
8	23
9	22
10	0
11	1
12	0
13	0
14	0
15	0
16	8
17	6
18	29
19	28
20	0
21	0
22	0
23	0
24	9
25	7
26	5
27	4
28	0
29	0
30	0
31	0


Graph14.txt


Best Cost = 107000.0
0	6
1	1
2	0
3	0
4	5
5	4
6	0
7	0
8	11
9	10
10	0
11	2
12	9
13	8
14	3
15	7


Graph15.txt


Best Cost = 88080.33
0	8
1	7
2	9
3	10
4	5
5	6
6	12
7	11
8	0
9	0
10	4
11	3
12	0
13	0
14	1
15	2


Graph1.txt


Best Cost = 4231.0
0	4
1	5
2	6
3	7
4	3
5	15
6	8
7	9
8	2
9	1
10	12
11	13
12	11
13	0
14	10
15	14


Graph1.txt


Best Cost = 4231.0
0	4
1	5
2	6
3	7
4	3
5	15
6	8
7	9
8	2
9	1
10	12
11	13
12	11
13	0
14	10
15	14


Graph1.txt


Best Cost = 4189.0
0	13
1	12
2	8
3	11
4	14
5	10
6	9
7	7
8	1
9	0
10	5
11	6
12	2
13	3
14	4
15	15


Graph1.txt


Best Cost = 4189.0
0	13
1	12
2	8
3	11
4	14
5	10
6	9
7	7
8	1
9	0
10	5
11	6
12	2
13	3
14	4
15	15


Graph10.txt


Best Cost = 524.4209999999999
0	15
1	14
2	7
3	8
4	11
5	12
6	10
7	9
8	4
9	13
10	6
11	5
12	2
13	1
14	0
15	3


Graph12.txt


Best Cost = 416.0
0	23
1	2
2	3
3	19
4	0
5	0
6	0
7	0
8	0
9	1
10	4
11	5
12	0
13	0
14	0
15	0
16	0
17	0
18	0
19	0
20	0
21	0
22	0
23	0
24	0
25	0
26	0
27	0
28	0
29	0
30	0
31	0


Graph13.txt


Best Cost = 156.0
0	30
1	31
2	25
3	24
4	0
5	0
6	0
7	0
8	22
9	23
10	26
11	27
12	0
13	0
14	0
15	0
16	7
17	9
18	8
19	6
20	0
21	0
22	0
23	0
24	29
25	28
26	5
27	4
28	0
29	0
30	0
31	0


Graph14.txt


Best Cost = 100000.0
0	9
1	8
2	7
3	6
4	11
5	10
6	4
7	5
8	0
9	0
10	3
11	1
12	0
13	0
14	2
15	0


Graph15.txt


Best Cost = 88080.33
0	8
1	7
2	11
3	12
4	5
5	6
6	10
7	9
8	0
9	0
10	2
11	1
12	0
13	0
14	3
15	4


Graph1.txt


Best Cost = 4189.0
0	13
1	12
2	8
3	11
4	14
5	10
6	9
7	7
8	1
9	0
10	5
11	6
12	2
13	3
14	4
15	15


Graph10.txt


Best Cost = 524.4209999999999
0	15
1	14
2	7
3	8
4	11
5	12
6	10
7	9
8	4
9	13
10	6
11	5
12	2
13	1
14	0
15	3


Graph1.txt


Best Cost = 4189.0
0	13
1	12
2	8
3	11
4	14
5	10
6	9
7	7
8	1
9	0
10	5
11	6
12	2
13	3
14	4
15	15


Graph10.txt


Best Cost = 524.4209999999999
0	15
1	14
2	7
3	8
4	11
5	12
6	10
7	9
8	4
9	13
10	6
11	5
12	2
13	1
14	0
15	3


Graph1.txt


Best Cost = 4189.0
0	13
1	12
2	8
3	11
4	14
5	10
6	9
7	7
8	1
9	0
10	5
11	6
12	2
13	3
14	4
15	15


Graph10.txt


Best Cost = 524.4209999999999
0	15
1	14
2	7
3	8
4	11
5	12
6	10
7	9
8	4
9	13
10	6
11	5
12	2
13	1
14	0
15	3


Graph12.txt


Best Cost = 416.0
0	23
1	2
2	3
3	19
4	0
5	0
6	0
7	0
8	0
9	1
10	4
11	5
12	0
13	0
14	0
15	0
16	0
17	0
18	0
19	0
20	0
21	0
22	0
23	0
24	0
25	0
26	0
27	0
28	0
29	0
30	0
31	0


Graph13.txt


Best Cost = 156.0
0	30
1	31
2	25
3	24
4	0
5	0
6	0
7	0
8	22
9	23
10	26
11	27
12	0
13	0
14	0
15	0
16	7
17	9
18	8
19	6
20	0
21	0
22	0
23	0
24	29
25	28
26	5
27	4
28	0
29	0
30	0
31	0


Graph14.txt


Best Cost = 100000.0
0	9
1	8
2	7
3	6
4	11
5	10
6	4
7	5
8	0
9	0
10	3
11	1
12	0
13	0
14	2
15	0


Graph15.txt


Best Cost = 88080.33
0	8
1	7
2	11
3	12
4	5
5	6
6	10
7	9
8	0
9	0
10	2
11	1
12	0
13	0
14	3
15	4


Graph17.txt


Best Cost = 28135.20799999997
0	29
1	28
2	8
3	7
4	0
5	0
6	0
7	0
8	12
9	63
10	1
11	2
12	0
13	0
14	0
15	0
16	6
17	3
18	0
19	51
20	0
21	0
22	0
23	0
24	11
25	15
26	61
27	10
28	0
29	0
30	0
31	0
32	0
33	0
34	0
35	0
36	0
37	0
38	0
39	0
40	0
41	0
42	0
43	0
44	0
45	0
46	0
47	0
48	0
49	0
50	0
51	0
52	0
53	0
54	0
55	0
56	0
57	0
58	0
59	0
60	0
61	0
62	0
63	0


Graph17.txt


Best Cost = 28135.20799999997
0	29
1	28
2	8
3	7
4	0
5	0
6	0
7	0
8	12
9	63
10	1
11	2
12	0
13	0
14	0
15	0
16	6
17	3
18	0
19	51
20	0
21	0
22	0
23	0
24	11
25	15
26	61
27	10
28	0
29	0
30	0
31	0
32	0
33	0
34	0
35	0
36	0
37	0
38	0
39	0
40	0
41	0
42	0
43	0
44	0
45	0
46	0
47	0
48	0
49	0
50	0
51	0
52	0
53	0
54	0
55	0
56	0
57	0
58	0
59	0
60	0
61	0
62	0
63	0


Graph18.txt


Best Cost = 427846.19200000033
0	55
1	63
2	22
3	2
4	0
5	0
6	0
7	0
8	62
9	23
10	7
11	31
12	0
13	0
14	0
15	0
16	15
17	0
18	20
19	5
20	0
21	0
22	0
23	0
24	8
25	11
26	3
27	1
28	0
29	0
30	0
31	0
32	0
33	0
34	0
35	0
36	0
37	0
38	0
39	0
40	0
41	0
42	0
43	0
44	0
45	0
46	0
47	0
48	0
49	0
50	0
51	0
52	0
53	0
54	0
55	0
56	0
57	0
58	0
59	0
60	0
61	0
62	0
63	0


Graph19.txt


Best Cost = 107667.98400000035
0	58
1	57
2	59
3	62
4	0
5	0
6	0
7	0
8	54
9	55
10	43
11	35
12	0
13	0
14	0
15	0
16	34
17	48
18	11
19	27
20	0
21	0
22	0
23	0
24	30
25	20
26	9
27	17
28	0
29	0
30	0
31	0
32	0
33	0
34	0
35	0
36	0
37	0
38	0
39	0
40	0
41	0
42	0
43	0
44	0
45	0
46	0
47	0
48	0
49	0
50	0
51	0
52	0
53	0
54	0
55	0
56	0
57	0
58	0
59	0
60	0
61	0
62	0
63	0


Graph2.txt


Best Cost = 5728.5
0	3
1	0
2	7
3	10
4	4
5	9
6	6
7	11
8	0
9	0
10	2
11	5
12	0
13	0
14	8
15	1


Graph18.txt


Best Cost = 427846.19200000033
0	55
1	63
2	22
3	2
4	0
5	0
6	0
7	0
8	62
9	23
10	7
11	31
12	0
13	0
14	0
15	0
16	15
17	0
18	20
19	5
20	0
21	0
22	0
23	0
24	8
25	11
26	3
27	1
28	0
29	0
30	0
31	0
32	0
33	0
34	0
35	0
36	0
37	0
38	0
39	0
40	0
41	0
42	0
43	0
44	0
45	0
46	0
47	0
48	0
49	0
50	0
51	0
52	0
53	0
54	0
55	0
56	0
57	0
58	0
59	0
60	0
61	0
62	0
63	0


Graph20.txt


Best Cost = 483047.7968000001
0	18
1	11
2	9
3	10
4	0
5	0
6	0
7	0
8	3
9	4
10	8
11	0
12	0
13	0
14	0
15	0
16	6
17	1
18	2
19	5
20	0
21	0
22	0
23	0
24	13
25	7
26	48
27	52
28	0
29	0
30	0
31	0
32	0
33	0
34	0
35	0
36	0
37	0
38	0
39	0
40	0
41	0
42	0
43	0
44	0
45	0
46	0
47	0
48	0
49	0
50	0
51	0
52	0
53	0
54	0
55	0
56	0
57	0
58	0
59	0
60	0
61	0
62	0
63	0
